0.718821 0 0.695195 0 0 1 0 0 -0.695195 0 0.718821 0 -33.0084 0 33.411 1 
0.999796 0 -0.0201835 0 0 1 0 0 0.0201835 0 0.999796 0 -33.5041 0 33.751 1 
0.99996 0 -0.00888841 0 0 1 0 0 0.00888841 0 0.99996 0 -33.4974 0 33.8736 1 
0.999728 0 -0.0233184 0 0 1 0 0 0.0233184 0 0.999728 0 -33.5014 0 34.0147 1 
0.99985 0 -0.0173267 0 0 1 0 0 0.0173267 0 0.99985 0 -33.4961 0 34.1455 1 
0.999793 0 -0.0203616 0 0 1 0 0 0.0203616 0 0.999793 0 -33.495 0 34.2757 1 
0.999781 0 -0.0209408 0 0 1 0 0 0.0209408 0 0.999781 0 -33.4926 0 34.4029 1 
0.999943 0 -0.0106628 0 0 1 0 0 0.0106628 0 0.999943 0 -33.4862 0 34.5272 1 
0.999996 0 -0.00278402 0 0 1 0 0 0.00278402 0 0.999996 0 -33.4819 0 34.652 1 
0.999998 0 0.00177127 0 0 1 0 0 -0.00177127 0 0.999998 0 -33.4798 0 34.7747 1 
0.999894 0 0.0145381 0 0 1 0 0 -0.0145381 0 0.999894 0 -33.4752 0 34.8948 1 
0.999993 0 0.00385647 0 0 1 0 0 -0.00385647 0 0.999993 0 -33.4811 0 35.0198 1 
1 0 0.000169579 0 0 1 0 0 -0.000169579 0 1 0 -33.483 0 35.1342 1 
0.999981 0 -0.00615543 0 0 1 0 0 0.00615543 0 0.999981 0 -33.4854 0 35.2545 1 
0.999686 0 -0.0250674 0 0 1 0 0 0.0250674 0 0.999686 0 -33.4916 0 35.387 1 
0.999225 0 -0.0393696 0 0 1 0 0 0.0393696 0 0.999225 0 -33.4935 0 35.5234 1 
0.999076 0 -0.042976 0 0 1 0 0 0.042976 0 0.999076 0 -33.4895 0 35.6568 1 
0.999706 0 -0.0242554 0 0 1 0 0 0.0242554 0 0.999706 0 -33.4773 0 35.7791 1 
0.999618 0 -0.0276321 0 0 1 0 0 0.0276321 0 0.999618 0 -33.4753 0 35.9118 1 
0.999568 0 -0.0293912 0 0 1 0 0 0.0293912 0 0.999568 0 -33.4724 0 36.0412 1 
0.999535 0 -0.0304785 0 0 1 0 0 0.0304785 0 0.999535 0 -33.469 0 36.1704 1 
0.999177 0 -0.0405594 0 0 1 0 0 0.0405594 0 0.999177 0 -33.4687 0 36.3028 1 
0.999205 0 -0.0398704 0 0 1 0 0 0.0398704 0 0.999205 0 -33.4634 0 36.4272 1 
0.998617 0 -0.0525737 0 0 1 0 0 0.0525737 0 0.998617 0 -33.4631 0 36.555 1 
0.998257 0 -0.0590222 0 0 1 0 0 0.0590222 0 0.998257 0 -33.4592 0 36.6745 1 
0.998431 0 -0.055996 0 0 1 0 0 0.055996 0 0.998431 0 -33.4513 0 36.7888 1 
0.999581 0 -0.0289621 0 0 1 0 0 0.0289621 0 0.999581 0 -33.4349 0 36.8926 1 
0.999796 0 -0.0201835 0 0 1 0 0 0.0201835 0 0.999796 0 -33.4282 0 37.011 1 
0.99996 0 -0.00888841 0 0 1 0 0 0.00888841 0 0.99996 0 -33.4215 0 37.1336 1 
0.999728 0 -0.0233184 0 0 1 0 0 0.0233184 0 0.999728 0 -33.4255 0 37.2747 1 
0.99985 0 -0.0173267 0 0 1 0 0 0.0173267 0 0.99985 0 -33.4202 0 37.4054 1 
0.999793 0 -0.0203616 0 0 1 0 0 0.0203616 0 0.999793 0 -33.4191 0 37.5357 1 
0.999781 0 -0.0209408 0 0 1 0 0 0.0209408 0 0.999781 0 -33.4167 0 37.6629 1 
0.999943 0 -0.0106628 0 0 1 0 0 0.0106628 0 0.999943 0 -33.4103 0 37.7872 1 
0.999996 0 -0.00278402 0 0 1 0 0 0.00278402 0 0.999996 0 -33.406 0 37.912 1 
0.999998 0 0.00177127 0 0 1 0 0 -0.00177127 0 0.999998 0 -33.4039 0 38.0347 1 
0.999894 0 0.0145381 0 0 1 0 0 -0.0145381 0 0.999894 0 -33.3993 0 38.1548 1 
0.999993 0 0.00385647 0 0 1 0 0 -0.00385647 0 0.999993 0 -33.4052 0 38.2798 1 
1 0 0.000169579 0 0 1 0 0 -0.000169579 0 1 0 -33.4071 0 38.3942 1 
0.999981 0 -0.00615543 0 0 1 0 0 0.00615543 0 0.999981 0 -33.4095 0 38.5145 1 
0.999686 0 -0.0250674 0 0 1 0 0 0.0250674 0 0.999686 0 -33.4157 0 38.647 1 
0.999225 0 -0.0393696 0 0 1 0 0 0.0393696 0 0.999225 0 -33.4176 0 38.7833 1 
0.999076 0 -0.042976 0 0 1 0 0 0.042976 0 0.999076 0 -33.4136 0 38.9168 1 
0.999706 0 -0.0242554 0 0 1 0 0 0.0242554 0 0.999706 0 -33.4014 0 39.0391 1 
0.999618 0 -0.0276321 0 0 1 0 0 0.0276321 0 0.999618 0 -33.3994 0 39.1718 1 
0.999568 0 -0.0293912 0 0 1 0 0 0.0293912 0 0.999568 0 -33.3965 0 39.3012 1 
0.999535 0 -0.0304785 0 0 1 0 0 0.0304785 0 0.999535 0 -33.3931 0 39.4304 1 
0.999177 0 -0.0405594 0 0 1 0 0 0.0405594 0 0.999177 0 -33.3928 0 39.5628 1 
0.999205 0 -0.0398704 0 0 1 0 0 0.0398704 0 0.999205 0 -33.3875 0 39.6872 1 
0.998617 0 -0.0525737 0 0 1 0 0 0.0525737 0 0.998617 0 -33.3871 0 39.815 1 
0.998257 0 -0.0590222 0 0 1 0 0 0.0590222 0 0.998257 0 -33.3833 0 39.9344 1 
0.998431 0 -0.055996 0 0 1 0 0 0.055996 0 0.998431 0 -33.3754 0 40.0487 1 
0.999581 0 -0.0289621 0 0 1 0 0 0.0289621 0 0.999581 0 -33.359 0 40.1526 1 
0.999796 0 -0.0201835 0 0 1 0 0 0.0201835 0 0.999796 0 -33.3523 0 40.2709 1 
0.99996 0 -0.00888841 0 0 1 0 0 0.00888841 0 0.99996 0 -33.3456 0 40.3935 1 
0.999728 0 -0.0233184 0 0 1 0 0 0.0233184 0 0.999728 0 -33.3496 0 40.5346 1 
0.99985 0 -0.0173267 0 0 1 0 0 0.0173267 0 0.99985 0 -33.3443 0 40.6654 1 
0.999793 0 -0.0203616 0 0 1 0 0 0.0203616 0 0.999793 0 -33.3432 0 40.7957 1 
0.999781 0 -0.0209408 0 0 1 0 0 0.0209408 0 0.999781 0 -33.3408 0 40.9229 1 
0.999943 0 -0.0106628 0 0 1 0 0 0.0106628 0 0.999943 0 -33.3344 0 41.0472 1 
0.999996 0 -0.00278402 0 0 1 0 0 0.00278402 0 0.999996 0 -33.3301 0 41.172 1 
0.999998 0 0.00177127 0 0 1 0 0 -0.00177127 0 0.999998 0 -33.328 0 41.2947 1 
0.999894 0 0.0145381 0 0 1 0 0 -0.0145381 0 0.999894 0 -33.3234 0 41.4148 1 
0.999993 0 0.00385647 0 0 1 0 0 -0.00385647 0 0.999993 0 -33.3293 0 41.5398 1 
1 0 0.000169579 0 0 1 0 0 -0.000169579 0 1 0 -33.3312 0 41.6542 1 
0.999981 0 -0.00615543 0 0 1 0 0 0.00615543 0 0.999981 0 -33.3336 0 41.7745 1 
0.999686 0 -0.0250674 0 0 1 0 0 0.0250674 0 0.999686 0 -33.3398 0 41.907 1 
0.999225 0 -0.0393696 0 0 1 0 0 0.0393696 0 0.999225 0 -33.3416 0 42.0433 1 
0.999076 0 -0.042976 0 0 1 0 0 0.042976 0 0.999076 0 -33.3377 0 42.1768 1 
0.999706 0 -0.0242554 0 0 1 0 0 0.0242554 0 0.999706 0 -33.3255 0 42.299 1 
0.999618 0 -0.0276321 0 0 1 0 0 0.0276321 0 0.999618 0 -33.3235 0 42.4317 1 
0.999568 0 -0.0293912 0 0 1 0 0 0.0293912 0 0.999568 0 -33.3206 0 42.5612 1 
0.999535 0 -0.0304785 0 0 1 0 0 0.0304785 0 0.999535 0 -33.3172 0 42.6904 1 
0.999177 0 -0.0405594 0 0 1 0 0 0.0405594 0 0.999177 0 -33.3169 0 42.8227 1 
0.999205 0 -0.0398704 0 0 1 0 0 0.0398704 0 0.999205 0 -33.3116 0 42.9471 1 
0.998617 0 -0.0525737 0 0 1 0 0 0.0525737 0 0.998617 0 -33.3112 0 43.075 1 
0.998257 0 -0.0590222 0 0 1 0 0 0.0590222 0 0.998257 0 -33.3074 0 43.1944 1 
0.998431 0 -0.055996 0 0 1 0 0 0.055996 0 0.998431 0 -33.2995 0 43.3087 1 
0.999581 0 -0.0289621 0 0 1 0 0 0.0289621 0 0.999581 0 -33.2831 0 43.4126 1 
0.999796 0 -0.0201835 0 0 1 0 0 0.0201835 0 0.999796 0 -33.2764 0 43.5309 1 
0.99996 0 -0.00888841 0 0 1 0 0 0.00888841 0 0.99996 0 -33.2697 0 43.6535 1 
0.999728 0 -0.0233184 0 0 1 0 0 0.0233184 0 0.999728 0 -33.2737 0 43.7946 1 
0.99985 0 -0.0173267 0 0 1 0 0 0.0173267 0 0.99985 0 -33.2684 0 43.9254 1 
0.999793 0 -0.0203616 0 0 1 0 0 0.0203616 0 0.999793 0 -33.2673 0 44.0556 1 
0.999781 0 -0.0209408 0 0 1 0 0 0.0209408 0 0.999781 0 -33.2649 0 44.1829 1 
0.999943 0 -0.0106628 0 0 1 0 0 0.0106628 0 0.999943 0 -33.2584 0 44.3072 1 
0.999996 0 -0.00278402 0 0 1 0 0 0.00278402 0 0.999996 0 -33.2542 0 44.432 1 
0.999998 0 0.00177127 0 0 1 0 0 -0.00177127 0 0.999998 0 -33.2521 0 44.5546 1 
0.999894 0 0.0145381 0 0 1 0 0 -0.0145381 0 0.999894 0 -33.2475 0 44.6748 1 
0.999993 0 0.00385647 0 0 1 0 0 -0.00385647 0 0.999993 0 -33.2534 0 44.7998 1 
1 0 0.000169579 0 0 1 0 0 -0.000169579 0 1 0 -33.2552 0 44.9141 1 
0.999981 0 -0.00615543 0 0 1 0 0 0.00615543 0 0.999981 0 -33.2577 0 45.0344 1 
0.999686 0 -0.0250674 0 0 1 0 0 0.0250674 0 0.999686 0 -33.2639 0 45.167 1 
0.999225 0 -0.0393696 0 0 1 0 0 0.0393696 0 0.999225 0 -33.2657 0 45.3033 1 
0.999076 0 -0.042976 0 0 1 0 0 0.042976 0 0.999076 0 -33.2618 0 45.4368 1 
0.999706 0 -0.0242554 0 0 1 0 0 0.0242554 0 0.999706 0 -33.2496 0 45.559 1 
0.999618 0 -0.0276321 0 0 1 0 0 0.0276321 0 0.999618 0 -33.2476 0 45.6917 1 
0.999568 0 -0.0293912 0 0 1 0 0 0.0293912 0 0.999568 0 -33.2447 0 45.8212 1 
0.999535 0 -0.0304785 0 0 1 0 0 0.0304785 0 0.999535 0 -33.2413 0 45.9504 1 
0.999177 0 -0.0405594 0 0 1 0 0 0.0405594 0 0.999177 0 -33.241 0 46.0827 1 
0.999205 0 -0.0398704 0 0 1 0 0 0.0398704 0 0.999205 0 -33.2357 0 46.2071 1 
0.998617 0 -0.0525737 0 0 1 0 0 0.0525737 0 0.998617 0 -33.2353 0 46.335 1 
0.998257 0 -0.0590222 0 0 1 0 0 0.0590222 0 0.998257 0 -33.2315 0 46.4544 1 
0.998431 0 -0.055996 0 0 1 0 0 0.055996 0 0.998431 0 -33.2236 0 46.5687 1 
0.999581 0 -0.0289621 0 0 1 0 0 0.0289621 0 0.999581 0 -33.2072 0 46.6726 1 
0.999796 0 -0.0201835 0 0 1 0 0 0.0201835 0 0.999796 0 -33.2005 0 46.7909 1 
0.99996 0 -0.00888841 0 0 1 0 0 0.00888841 0 0.99996 0 -33.1938 0 46.9135 1 
0.999728 0 -0.0233184 0 0 1 0 0 0.0233184 0 0.999728 0 -33.1977 0 47.0546 1 
0.99985 0 -0.0173267 0 0 1 0 0 0.0173267 0 0.99985 0 -33.1925 0 47.1854 1 
0.999793 0 -0.0203616 0 0 1 0 0 0.0203616 0 0.999793 0 -33.1914 0 47.3156 1 
0.999781 0 -0.0209408 0 0 1 0 0 0.0209408 0 0.999781 0 -33.189 0 47.4428 1 
0.999943 0 -0.0106628 0 0 1 0 0 0.0106628 0 0.999943 0 -33.1825 0 47.5671 1 
0.999996 0 -0.00278402 0 0 1 0 0 0.00278402 0 0.999996 0 -33.1783 0 47.692 1 
0.999998 0 0.00177127 0 0 1 0 0 -0.00177127 0 0.999998 0 -33.1762 0 47.8146 1 
0.999894 0 0.0145381 0 0 1 0 0 -0.0145381 0 0.999894 0 -33.1716 0 47.9348 1 
0.999993 0 0.00385647 0 0 1 0 0 -0.00385647 0 0.999993 0 -33.1775 0 48.0597 1 
1 0 0.000169579 0 0 1 0 0 -0.000169579 0 1 0 -33.1793 0 48.1741 1 
0.999981 0 -0.00615543 0 0 1 0 0 0.00615543 0 0.999981 0 -33.1818 0 48.2944 1 
0.999686 0 -0.0250674 0 0 1 0 0 0.0250674 0 0.999686 0 -33.188 0 48.4269 1 
0.999225 0 -0.0393696 0 0 1 0 0 0.0393696 0 0.999225 0 -33.1898 0 48.5633 1 
0.999076 0 -0.042976 0 0 1 0 0 0.042976 0 0.999076 0 -33.1859 0 48.6968 1 
0.999706 0 -0.0242554 0 0 1 0 0 0.0242554 0 0.999706 0 -33.1737 0 48.819 1 
0.999618 0 -0.0276321 0 0 1 0 0 0.0276321 0 0.999618 0 -33.1717 0 48.9517 1 
0.999568 0 -0.0293912 0 0 1 0 0 0.0293912 0 0.999568 0 -33.1688 0 49.0812 1 
0.999535 0 -0.0304785 0 0 1 0 0 0.0304785 0 0.999535 0 -33.1654 0 49.2103 1 
0.999177 0 -0.0405594 0 0 1 0 0 0.0405594 0 0.999177 0 -33.1651 0 49.3427 1 
0.999205 0 -0.0398704 0 0 1 0 0 0.0398704 0 0.999205 0 -33.1598 0 49.4671 1 
0.998617 0 -0.0525737 0 0 1 0 0 0.0525737 0 0.998617 0 -33.1594 0 49.595 1 
0.998257 0 -0.0590222 0 0 1 0 0 0.0590222 0 0.998257 0 -33.1556 0 49.7144 1 
0.998431 0 -0.055996 0 0 1 0 0 0.055996 0 0.998431 0 -33.1477 0 49.8287 1 
0.999581 0 -0.0289621 0 0 1 0 0 0.0289621 0 0.999581 0 -33.1313 0 49.9326 1 
0.999796 0 -0.0201835 0 0 1 0 0 0.0201835 0 0.999796 0 -33.1246 0 50.0509 1 
0.99996 0 -0.00888841 0 0 1 0 0 0.00888841 0 0.99996 0 -33.1179 0 50.1735 1 
0.999728 0 -0.0233184 0 0 1 0 0 0.0233184 0 0.999728 0 -33.1218 0 50.3146 1 
0.99985 0 -0.0173267 0 0 1 0 0 0.0173267 0 0.99985 0 -33.1166 0 50.4454 1 
0.999793 0 -0.0203616 0 0 1 0 0 0.0203616 0 0.999793 0 -33.1155 0 50.5756 1 
0.999781 0 -0.0209408 0 0 1 0 0 0.0209408 0 0.999781 0 -33.1131 0 50.7028 1 
0.999943 0 -0.0106628 0 0 1 0 0 0.0106628 0 0.999943 0 -33.1066 0 50.8271 1 
0.999996 0 -0.00278402 0 0 1 0 0 0.00278402 0 0.999996 0 -33.1024 0 50.9519 1 
0.999998 0 0.00177127 0 0 1 0 0 -0.00177127 0 0.999998 0 -33.1003 0 51.0746 1 
0.999894 0 0.0145381 0 0 1 0 0 -0.0145381 0 0.999894 0 -33.0957 0 51.1947 1 
0.999993 0 0.00385647 0 0 1 0 0 -0.00385647 0 0.999993 0 -33.1016 0 51.3197 1 
1 0 0.000169579 0 0 1 0 0 -0.000169579 0 1 0 -33.1034 0 51.4341 1 
0.999981 0 -0.00615543 0 0 1 0 0 0.00615543 0 0.999981 0 -33.1059 0 51.5544 1 
0.999686 0 -0.0250674 0 0 1 0 0 0.0250674 0 0.999686 0 -33.1121 0 51.6869 1 
0.999225 0 -0.0393696 0 0 1 0 0 0.0393696 0 0.999225 0 -33.1139 0 51.8233 1 
0.999076 0 -0.042976 0 0 1 0 0 0.042976 0 0.999076 0 -33.11 0 51.9567 1 
0.999706 0 -0.0242554 0 0 1 0 0 0.0242554 0 0.999706 0 -33.0978 0 52.079 1 
0.999618 0 -0.0276321 0 0 1 0 0 0.0276321 0 0.999618 0 -33.0958 0 52.2117 1 
0.999568 0 -0.0293912 0 0 1 0 0 0.0293912 0 0.999568 0 -33.0929 0 52.3411 1 
0.999535 0 -0.0304785 0 0 1 0 0 0.0304785 0 0.999535 0 -33.0895 0 52.4703 1 
0.999177 0 -0.0405594 0 0 1 0 0 0.0405594 0 0.999177 0 -33.0892 0 52.6027 1 
0.999205 0 -0.0398704 0 0 1 0 0 0.0398704 0 0.999205 0 -33.0839 0 52.7271 1 
0.998617 0 -0.0525737 0 0 1 0 0 0.0525737 0 0.998617 0 -33.0835 0 52.8549 1 
0.998257 0 -0.0590222 0 0 1 0 0 0.0590222 0 0.998257 0 -33.0797 0 52.9744 1 
0.998431 0 -0.055996 0 0 1 0 0 0.055996 0 0.998431 0 -33.0718 0 53.0887 1 
0.999581 0 -0.0289621 0 0 1 0 0 0.0289621 0 0.999581 0 -33.0554 0 53.1925 1 
0.999796 0 -0.0201835 0 0 1 0 0 0.0201835 0 0.999796 0 -33.0487 0 53.3109 1 
0.99996 0 -0.00888841 0 0 1 0 0 0.00888841 0 0.99996 0 -33.042 0 53.4334 1 
0.999728 0 -0.0233184 0 0 1 0 0 0.0233184 0 0.999728 0 -33.0459 0 53.5746 1 
0.99985 0 -0.0173267 0 0 1 0 0 0.0173267 0 0.99985 0 -33.0407 0 53.7053 1 
0.999793 0 -0.0203616 0 0 1 0 0 0.0203616 0 0.999793 0 -33.0396 0 53.8356 1 
0.999781 0 -0.0209408 0 0 1 0 0 0.0209408 0 0.999781 0 -33.0372 0 53.9628 1 
0.999943 0 -0.0106628 0 0 1 0 0 0.0106628 0 0.999943 0 -33.0307 0 54.0871 1 
0.999996 0 -0.00278402 0 0 1 0 0 0.00278402 0 0.999996 0 -33.0265 0 54.2119 1 
0.999998 0 0.00177127 0 0 1 0 0 -0.00177127 0 0.999998 0 -33.0244 0 54.3346 1 
0.999894 0 0.0145381 0 0 1 0 0 -0.0145381 0 0.999894 0 -33.0198 0 54.4547 1 
0.999993 0 0.00385647 0 0 1 0 0 -0.00385647 0 0.999993 0 -33.0257 0 54.5797 1 
1 0 0.000169579 0 0 1 0 0 -0.000169579 0 1 0 -33.0275 0 54.6941 1 
0.999981 0 -0.00615543 0 0 1 0 0 0.00615543 0 0.999981 0 -33.03 0 54.8144 1 
0.999686 0 -0.0250674 0 0 1 0 0 0.0250674 0 0.999686 0 -33.0362 0 54.9469 1 
0.999225 0 -0.0393696 0 0 1 0 0 0.0393696 0 0.999225 0 -33.038 0 55.0832 1 
0.999076 0 -0.042976 0 0 1 0 0 0.042976 0 0.999076 0 -33.0341 0 55.2167 1 
0.999706 0 -0.0242554 0 0 1 0 0 0.0242554 0 0.999706 0 -33.0219 0 55.339 1 
0.999618 0 -0.0276321 0 0 1 0 0 0.0276321 0 0.999618 0 -33.0199 0 55.4717 1 
0.999568 0 -0.0293912 0 0 1 0 0 0.0293912 0 0.999568 0 -33.0169 0 55.6011 1 
0.999535 0 -0.0304785 0 0 1 0 0 0.0304785 0 0.999535 0 -33.0136 0 55.7303 1 
0.999177 0 -0.0405594 0 0 1 0 0 0.0405594 0 0.999177 0 -33.0133 0 55.8627 1 
0.999205 0 -0.0398704 0 0 1 0 0 0.0398704 0 0.999205 0 -33.0079 0 55.9871 1 
0.998617 0 -0.0525737 0 0 1 0 0 0.0525737 0 0.998617 0 -33.0076 0 56.1149 1 
0.998257 0 -0.0590222 0 0 1 0 0 0.0590222 0 0.998257 0 -33.0038 0 56.2343 1 
0.998431 0 -0.055996 0 0 1 0 0 0.055996 0 0.998431 0 -32.9959 0 56.3486 1 
0.999581 0 -0.0289621 0 0 1 0 0 0.0289621 0 0.999581 0 -32.9795 0 56.4525 1 
0.999796 0 -0.0201835 0 0 1 0 0 0.0201835 0 0.999796 0 -32.9728 0 56.5708 1 
0.99996 0 -0.00888841 0 0 1 0 0 0.00888841 0 0.99996 0 -32.9661 0 56.6934 1 
0.999728 0 -0.0233184 0 0 1 0 0 0.0233184 0 0.999728 0 -32.97 0 56.8345 1 
0.99985 0 -0.0173267 0 0 1 0 0 0.0173267 0 0.99985 0 -32.9648 0 56.9653 1 
0.999793 0 -0.0203616 0 0 1 0 0 0.0203616 0 0.999793 0 -32.9636 0 57.0956 1 
0.999781 0 -0.0209408 0 0 1 0 0 0.0209408 0 0.999781 0 -32.9613 0 57.2228 1 
0.999943 0 -0.0106628 0 0 1 0 0 0.0106628 0 0.999943 0 -32.9548 0 57.3471 1 
0.999996 0 -0.00278402 0 0 1 0 0 0.00278402 0 0.999996 0 -32.9506 0 57.4719 1 
0.999998 0 0.00177127 0 0 1 0 0 -0.00177127 0 0.999998 0 -32.9485 0 57.5946 1 
0.999894 0 0.0145381 0 0 1 0 0 -0.0145381 0 0.999894 0 -32.9439 0 57.7147 1 
0.999993 0 0.00385647 0 0 1 0 0 -0.00385647 0 0.999993 0 -32.9498 0 57.8397 1 
1 0 0.000169579 0 0 1 0 0 -0.000169579 0 1 0 -32.9516 0 57.9541 1 
0.999981 0 -0.00615543 0 0 1 0 0 0.00615543 0 0.999981 0 -32.9541 0 58.0743 1 
0.999686 0 -0.0250674 0 0 1 0 0 0.0250674 0 0.999686 0 -32.9603 0 58.2069 1 
0.999225 0 -0.0393696 0 0 1 0 0 0.0393696 0 0.999225 0 -32.9621 0 58.3432 1 
0.999076 0 -0.042976 0 0 1 0 0 0.042976 0 0.999076 0 -32.9582 0 58.4767 1 
0.999706 0 -0.0242554 0 0 1 0 0 0.0242554 0 0.999706 0 -32.9459 0 58.5989 1 
0.999618 0 -0.0276321 0 0 1 0 0 0.0276321 0 0.999618 0 -32.944 0 58.7316 1 
0.999568 0 -0.0293912 0 0 1 0 0 0.0293912 0 0.999568 0 -32.941 0 58.8611 1 
0.999535 0 -0.0304785 0 0 1 0 0 0.0304785 0 0.999535 0 -32.9376 0 58.9903 1 
0.999177 0 -0.0405594 0 0 1 0 0 0.0405594 0 0.999177 0 -32.9373 0 59.1226 1 
0.999205 0 -0.0398704 0 0 1 0 0 0.0398704 0 0.999205 0 -32.932 0 59.247 1 
0.998617 0 -0.0525737 0 0 1 0 0 0.0525737 0 0.998617 0 -32.9317 0 59.3749 1 
0.998257 0 -0.0590222 0 0 1 0 0 0.0590222 0 0.998257 0 -32.9279 0 59.4943 1 
0.998431 0 -0.055996 0 0 1 0 0 0.055996 0 0.998431 0 -32.92 0 59.6086 1 
0.999581 0 -0.0289621 0 0 1 0 0 0.0289621 0 0.999581 0 -32.9036 0 59.7125 1 
0.999796 0 -0.0201835 0 0 1 0 0 0.0201835 0 0.999796 0 -32.8969 0 59.8308 1 
0.99996 0 -0.00888841 0 0 1 0 0 0.00888841 0 0.99996 0 -32.8901 0 59.9534 1 
0.999728 0 -0.0233184 0 0 1 0 0 0.0233184 0 0.999728 0 -32.8941 0 60.0945 1 
0.99985 0 -0.0173267 0 0 1 0 0 0.0173267 0 0.99985 0 -32.8889 0 60.2253 1 
0.999793 0 -0.0203616 0 0 1 0 0 0.0203616 0 0.999793 0 -32.8877 0 60.3555 1 
0.999781 0 -0.0209408 0 0 1 0 0 0.0209408 0 0.999781 0 -32.8854 0 60.4828 1 
0.999943 0 -0.0106628 0 0 1 0 0 0.0106628 0 0.999943 0 -32.8789 0 60.607 1 
0.999996 0 -0.00278402 0 0 1 0 0 0.00278402 0 0.999996 0 -32.8747 0 60.7319 1 
0.999998 0 0.00177127 0 0 1 0 0 -0.00177127 0 0.999998 0 -32.8726 0 60.8545 1 
0.999894 0 0.0145381 0 0 1 0 0 -0.0145381 0 0.999894 0 -32.868 0 60.9747 1 
0.999993 0 0.00385647 0 0 1 0 0 -0.00385647 0 0.999993 0 -32.8739 0 61.0997 1 
1 0 0.000169579 0 0 1 0 0 -0.000169579 0 1 0 -32.8757 0 61.214 1 
0.999981 0 -0.00615543 0 0 1 0 0 0.00615543 0 0.999981 0 -32.8782 0 61.3343 1 
0.999686 0 -0.0250674 0 0 1 0 0 0.0250674 0 0.999686 0 -32.8844 0 61.4669 1 
0.999225 0 -0.0393696 0 0 1 0 0 0.0393696 0 0.999225 0 -32.8862 0 61.6032 1 
0.999076 0 -0.042976 0 0 1 0 0 0.042976 0 0.999076 0 -32.8823 0 61.7367 1 
0.999706 0 -0.0242554 0 0 1 0 0 0.0242554 0 0.999706 0 -32.87 0 61.8589 1 
0.999618 0 -0.0276321 0 0 1 0 0 0.0276321 0 0.999618 0 -32.8681 0 61.9916 1 
0.999568 0 -0.0293912 0 0 1 0 0 0.0293912 0 0.999568 0 -32.8651 0 62.1211 1 
0.999535 0 -0.0304785 0 0 1 0 0 0.0304785 0 0.999535 0 -32.8617 0 62.2502 1 
0.999177 0 -0.0405594 0 0 1 0 0 0.0405594 0 0.999177 0 -32.8614 0 62.3826 1 
0.999205 0 -0.0398704 0 0 1 0 0 0.0398704 0 0.999205 0 -32.8561 0 62.507 1 
0.998617 0 -0.0525737 0 0 1 0 0 0.0525737 0 0.998617 0 -32.8558 0 62.6349 1 
0.998257 0 -0.0590222 0 0 1 0 0 0.0590222 0 0.998257 0 -32.852 0 62.7543 1 
0.998431 0 -0.055996 0 0 1 0 0 0.055996 0 0.998431 0 -32.8441 0 62.8686 1 
0.999581 0 -0.0289621 0 0 1 0 0 0.0289621 0 0.999581 0 -32.8277 0 62.9725 1 
0.999796 0 -0.0201835 0 0 1 0 0 0.0201835 0 0.999796 0 -32.8209 0 63.0908 1 
0.99996 0 -0.00888841 0 0 1 0 0 0.00888841 0 0.99996 0 -32.8142 0 63.2134 1 
0.999728 0 -0.0233184 0 0 1 0 0 0.0233184 0 0.999728 0 -32.8182 0 63.3545 1 
0.99985 0 -0.0173267 0 0 1 0 0 0.0173267 0 0.99985 0 -32.813 0 63.4853 1 
0.999793 0 -0.0203616 0 0 1 0 0 0.0203616 0 0.999793 0 -32.8118 0 63.6155 1 
0.999781 0 -0.0209414 0 0 1 0 0 0.0209414 0 0.999781 0 -32.8095 0 63.7427 1 
0.999943 0 -0.0106628 0 0 1 0 0 0.0106628 0 0.999943 0 -32.803 0 63.867 1 
0.999996 0 -0.00278402 0 0 1 0 0 0.00278402 0 0.999996 0 -32.7987 0 63.9919 1 
0.999998 0 0.00177127 0 0 1 0 0 -0.00177127 0 0.999998 0 -32.7967 0 64.1145 1 
0.999894 0 0.0145381 0 0 1 0 0 -0.0145381 0 0.999894 0 -32.7921 0 64.2346 1 
0.999993 0 0.00385647 0 0 1 0 0 -0.00385647 0 0.999993 0 -32.798 0 64.3596 1 
1 0 0.000169579 0 0 1 0 0 -0.000169579 0 1 0 -32.7998 0 64.474 1 
0.999981 0 -0.00615543 0 0 1 0 0 0.00615543 0 0.999981 0 -32.8022 0 64.5943 1 
0.999686 0 -0.0250666 0 0 1 0 0 0.0250666 0 0.999686 0 -32.8085 0 64.7268 1 
0.999225 0 -0.0393684 0 0 1 0 0 0.0393684 0 0.999225 0 -32.8103 0 64.8632 1 
0.999076 0 -0.0429772 0 0 1 0 0 0.0429772 0 0.999076 0 -32.8064 0 64.9967 1 
0.999706 0 -0.0242554 0 0 1 0 0 0.0242554 0 0.999706 0 -32.7941 0 65.1189 1 
0.999618 0 -0.0276329 0 0 1 0 0 0.0276329 0 0.999618 0 -32.7922 0 65.2516 1 
0.999568 0 -0.0293921 0 0 1 0 0 0.0293921 0 0.999568 0 -32.7892 0 65.3811 1 
0.999535 0 -0.0304794 0 0 1 0 0 0.0304794 0 0.999535 0 -32.7858 0 65.5102 1 
0.999177 0 -0.0405582 0 0 1 0 0 0.0405582 0 0.999177 0 -32.7855 0 65.6426 1 
0.999205 0 -0.0398716 0 0 1 0 0 0.0398716 0 0.999205 0 -32.7802 0 65.767 1 
0.998617 0 -0.0525737 0 0 1 0 0 0.0525737 0 0.998617 0 -32.7799 0 65.8948 1 
0.998257 0 -0.0590222 0 0 1 0 0 0.0590222 0 0.998257 0 -32.7761 0 66.0143 1 
0.998431 0 -0.0559978 0 0 1 0 0 0.0559978 0 0.998431 0 -32.7682 0 66.1286 1 
0.999581 0 -0.0289621 0 0 1 0 0 0.0289621 0 0.999581 0 -32.7518 0 66.2324 1 
0.999796 0 -0.0201835 0 0 1 0 0 0.0201835 0 0.999796 0 -32.745 0 66.3508 1 
0.99996 0 -0.00888841 0 0 1 0 0 0.00888841 0 0.99996 0 -32.7383 0 66.4733 1 
0.999728 0 -0.0233184 0 0 1 0 0 0.0233184 0 0.999728 0 -32.7423 0 66.6145 1 
0.99985 0 -0.0173262 0 0 1 0 0 0.0173262 0 0.99985 0 -32.7371 0 66.7452 1 
0.999793 0 -0.0203622 0 0 1 0 0 0.0203622 0 0.999793 0 -32.7359 0 66.8755 1 
0.999781 0 -0.0209414 0 0 1 0 0 0.0209414 0 0.999781 0 -32.7336 0 67.0027 1 
0.999943 0 -0.0106628 0 0 1 0 0 0.0106628 0 0.999943 0 -32.7271 0 67.127 1 
0.999996 0 -0.00278402 0 0 1 0 0 0.00278402 0 0.999996 0 -32.7228 0 67.2518 1 
0.999998 0 0.00177127 0 0 1 0 0 -0.00177127 0 0.999998 0 -32.7208 0 67.3745 1 
0.999894 0 0.0145381 0 0 1 0 0 -0.0145381 0 0.999894 0 -32.7162 0 67.4946 1 
0.999993 0 0.00385647 0 0 1 0 0 -0.00385647 0 0.999993 0 -32.722 0 67.6196 1 
1 0 0.000169579 0 0 1 0 0 -0.000169579 0 1 0 -32.7239 0 67.734 1 
0.999981 0 -0.00615543 0 0 1 0 0 0.00615543 0 0.999981 0 -32.7263 0 67.8543 1 
0.999686 0 -0.0250666 0 0 1 0 0 0.0250666 0 0.999686 0 -32.7326 0 67.9868 1 
0.999225 0 -0.0393684 0 0 1 0 0 0.0393684 0 0.999225 0 -32.7344 0 68.1231 1 
0.999076 0 -0.0429772 0 0 1 0 0 0.0429772 0 0.999076 0 -32.7305 0 68.2566 1 
0.999706 0 -0.0242554 0 0 1 0 0 0.0242554 0 0.999706 0 -32.7182 0 68.3788 1 
0.999618 0 -0.0276329 0 0 1 0 0 0.0276329 0 0.999618 0 -32.7163 0 68.5115 1 
0.999568 0 -0.0293921 0 0 1 0 0 0.0293921 0 0.999568 0 -32.7133 0 68.641 1 
0.999535 0 -0.0304794 0 0 1 0 0 0.0304794 0 0.999535 0 -32.7099 0 68.7702 1 
0.999177 0 -0.0405582 0 0 1 0 0 0.0405582 0 0.999177 0 -32.7096 0 68.9025 1 
0.999205 0 -0.0398716 0 0 1 0 0 0.0398716 0 0.999205 0 -32.7043 0 69.0269 1 
0.998617 0 -0.0525737 0 0 1 0 0 0.0525737 0 0.998617 0 -32.704 0 69.1548 1 
0.998257 0 -0.0590222 0 0 1 0 0 0.0590222 0 0.998257 0 -32.7002 0 69.2742 1 
0.998431 0 -0.0559978 0 0 1 0 0 0.0559978 0 0.998431 0 -32.6923 0 69.3885 1 
0.999581 0 -0.0289621 0 0 1 0 0 0.0289621 0 0.999581 0 -32.6759 0 69.4924 1 
0.999796 0 -0.0201835 0 0 1 0 0 0.0201835 0 0.999796 0 -32.6691 0 69.6107 1 
0.99996 0 -0.00888841 0 0 1 0 0 0.00888841 0 0.99996 0 -32.6624 0 69.7333 1 
0.999728 0 -0.0233184 0 0 1 0 0 0.0233184 0 0.999728 0 -32.6664 0 69.8744 1 
0.99985 0 -0.0173262 0 0 1 0 0 0.0173262 0 0.99985 0 -32.6612 0 70.0052 1 
0.999793 0 -0.0203622 0 0 1 0 0 0.0203622 0 0.999793 0 -32.66 0 70.1354 1 
0.999781 0 -0.0209414 0 0 1 0 0 0.0209414 0 0.999781 0 -32.6576 0 70.2627 1 
0.999943 0 -0.0106628 0 0 1 0 0 0.0106628 0 0.999943 0 -32.6512 0 70.3869 1 
0.999996 0 -0.00278402 0 0 1 0 0 0.00278402 0 0.999996 0 -32.6469 0 70.5118 1 
0.999998 0 0.00177127 0 0 1 0 0 -0.00177127 0 0.999998 0 -32.6449 0 70.6344 1 
0.999894 0 0.0145381 0 0 1 0 0 -0.0145381 0 0.999894 0 -32.6403 0 70.7546 1 
0.999993 0 0.00385647 0 0 1 0 0 -0.00385647 0 0.999993 0 -32.6461 0 70.8795 1 
1 0 0.000169579 0 0 1 0 0 -0.000169579 0 1 0 -32.648 0 70.9939 1 
0.999981 0 -0.00615543 0 0 1 0 0 0.00615543 0 0.999981 0 -32.6504 0 71.1142 1 
0.999686 0 -0.0250666 0 0 1 0 0 0.0250666 0 0.999686 0 -32.6567 0 71.2467 1 
0.999225 0 -0.0393684 0 0 1 0 0 0.0393684 0 0.999225 0 -32.6585 0 71.3831 1 
0.999076 0 -0.0429772 0 0 1 0 0 0.0429772 0 0.999076 0 -32.6546 0 71.5166 1 
0.999706 0 -0.0242554 0 0 1 0 0 0.0242554 0 0.999706 0 -32.6423 0 71.6388 1 
0.999618 0 -0.0276329 0 0 1 0 0 0.0276329 0 0.999618 0 -32.6404 0 71.7715 1 
0.999568 0 -0.0293921 0 0 1 0 0 0.0293921 0 0.999568 0 -32.6374 0 71.901 1 
0.999535 0 -0.0304794 0 0 1 0 0 0.0304794 0 0.999535 0 -32.634 0 72.0301 1 
0.999177 0 -0.0405582 0 0 1 0 0 0.0405582 0 0.999177 0 -32.6337 0 72.1625 1 
0.999205 0 -0.0398716 0 0 1 0 0 0.0398716 0 0.999205 0 -32.6284 0 72.2869 1 
0.998617 0 -0.0525737 0 0 1 0 0 0.0525737 0 0.998617 0 -32.6281 0 72.4148 1 
0.998257 0 -0.0590222 0 0 1 0 0 0.0590222 0 0.998257 0 -32.6243 0 72.5342 1 
0.998431 0 -0.0559978 0 0 1 0 0 0.0559978 0 0.998431 0 -32.6164 0 72.6485 1 
0.999581 0 -0.0289621 0 0 1 0 0 0.0289621 0 0.999581 0 -32.6 0 72.7523 1 
0.999796 0 -0.0201835 0 0 1 0 0 0.0201835 0 0.999796 0 -32.5932 0 72.8707 1 
0.99996 0 -0.00888841 0 0 1 0 0 0.00888841 0 0.99996 0 -32.5865 0 72.9933 1 
0.999728 0 -0.0233184 0 0 1 0 0 0.0233184 0 0.999728 0 -32.5905 0 73.1344 1 
0.99985 0 -0.0173262 0 0 1 0 0 0.0173262 0 0.99985 0 -32.5853 0 73.2652 1 
0.999793 0 -0.0203622 0 0 1 0 0 0.0203622 0 0.999793 0 -32.5841 0 73.3954 1 
0.999781 0 -0.0209414 0 0 1 0 0 0.0209414 0 0.999781 0 -32.5817 0 73.5226 1 
0.999943 0 -0.0106628 0 0 1 0 0 0.0106628 0 0.999943 0 -32.5753 0 73.6469 1 
0.999996 0 -0.00278402 0 0 1 0 0 0.00278402 0 0.999996 0 -32.571 0 73.7717 1 
0.999998 0 0.00177127 0 0 1 0 0 -0.00177127 0 0.999998 0 -32.569 0 73.8944 1 
0.999894 0 0.0145381 0 0 1 0 0 -0.0145381 0 0.999894 0 -32.5644 0 74.0145 1 
0.999993 0 0.00385647 0 0 1 0 0 -0.00385647 0 0.999993 0 -32.5702 0 74.1395 1 
1 0 0.000169579 0 0 1 0 0 -0.000169579 0 1 0 -32.5721 0 74.2539 1 
0.999981 0 -0.00615543 0 0 1 0 0 0.00615543 0 0.999981 0 -32.5745 0 74.3742 1 
0.999686 0 -0.0250666 0 0 1 0 0 0.0250666 0 0.999686 0 -32.5808 0 74.5067 1 
0.999225 0 -0.0393684 0 0 1 0 0 0.0393684 0 0.999225 0 -32.5826 0 74.643 1 
0.999076 0 -0.0429772 0 0 1 0 0 0.0429772 0 0.999076 0 -32.5787 0 74.7765 1 
0.999706 0 -0.0242554 0 0 1 0 0 0.0242554 0 0.999706 0 -32.5664 0 74.8988 1 
0.999618 0 -0.0276329 0 0 1 0 0 0.0276329 0 0.999618 0 -32.5644 0 75.0314 1 
0.999568 0 -0.0293921 0 0 1 0 0 0.0293921 0 0.999568 0 -32.5615 0 75.1609 1 
0.999535 0 -0.0304794 0 0 1 0 0 0.0304794 0 0.999535 0 -32.5581 0 75.2901 1 
0.999177 0 -0.0405582 0 0 1 0 0 0.0405582 0 0.999177 0 -32.5578 0 75.4224 1 
0.999205 0 -0.0398716 0 0 1 0 0 0.0398716 0 0.999205 0 -32.5525 0 75.5468 1 
0.998617 0 -0.0525737 0 0 1 0 0 0.0525737 0 0.998617 0 -32.5522 0 75.6747 1 
0.998257 0 -0.0590222 0 0 1 0 0 0.0590222 0 0.998257 0 -32.5484 0 75.7941 1 
0.998431 0 -0.0559978 0 0 1 0 0 0.0559978 0 0.998431 0 -32.5405 0 75.9084 1 
0.999581 0 -0.0289621 0 0 1 0 0 0.0289621 0 0.999581 0 -32.5241 0 76.0123 1 
0.999796 0 -0.0201835 0 0 1 0 0 0.0201835 0 0.999796 0 -32.5173 0 76.1306 1 
0.99996 0 -0.00888841 0 0 1 0 0 0.00888841 0 0.99996 0 -32.5106 0 76.2532 1 
0.999728 0 -0.0233184 0 0 1 0 0 0.0233184 0 0.999728 0 -32.5146 0 76.3943 1 
0.99985 0 -0.0173262 0 0 1 0 0 0.0173262 0 0.99985 0 -32.5093 0 76.5251 1 
0.999793 0 -0.0203622 0 0 1 0 0 0.0203622 0 0.999793 0 -32.5082 0 76.6553 1 
0.99978 0 -0.0209564 0 0 1 0 0 0.0209564 0 0.99978 0 -32.5058 0 76.7826 1 
0.999943 0 -0.0106628 0 0 1 0 0 0.0106628 0 0.999943 0 -32.4994 0 76.9069 1 
0.999996 0 -0.00279883 0 0 1 0 0 0.00279883 0 0.999996 0 -32.4951 0 77.0317 1 
0.999998 0 0.00175554 0 0 1 0 0 -0.00175554 0 0.999998 0 -32.4931 0 77.1544 1 
0.999894 0 0.0145538 0 0 1 0 0 -0.0145538 0 0.999894 0 -32.4885 0 77.2745 1 
0.999993 0 0.00384026 0 0 1 0 0 -0.00384026 0 0.999993 0 -32.4943 0 77.3995 1 
1 0 0.000169579 0 0 1 0 0 -0.000169579 0 1 0 -32.4962 0 77.5138 1 
0.999981 0 -0.00613915 0 0 1 0 0 0.00613915 0 0.999981 0 -32.4986 0 77.6341 1 
0.999686 0 -0.0250511 0 0 1 0 0 0.0250511 0 0.999686 0 -32.5048 0 77.7666 1 
0.999225 0 -0.0393537 0 0 1 0 0 0.0393537 0 0.999225 0 -32.5067 0 77.903 1 
0.999076 0 -0.0429772 0 0 1 0 0 0.0429772 0 0.999076 0 -32.5028 0 78.0365 1 
0.999706 0 -0.0242554 0 0 1 0 0 0.0242554 0 0.999706 0 -32.4905 0 78.1587 1 
0.999618 0 -0.0276329 0 0 1 0 0 0.0276329 0 0.999618 0 -32.4885 0 78.2914 1 
0.999568 0 -0.0293921 0 0 1 0 0 0.0293921 0 0.999568 0 -32.4856 0 78.4209 1 
0.999536 0 -0.0304646 0 0 1 0 0 0.0304646 0 0.999536 0 -32.4822 0 78.55 1 
0.999178 0 -0.0405433 0 0 1 0 0 0.0405433 0 0.999178 0 -32.4819 0 78.6824 1 
0.999204 0 -0.0398869 0 0 1 0 0 0.0398869 0 0.999204 0 -32.4766 0 78.8068 1 
0.998618 0 -0.052558 0 0 1 0 0 0.052558 0 0.998618 0 -32.4763 0 78.9347 1 
0.998256 0 -0.0590386 0 0 1 0 0 0.0590386 0 0.998256 0 -32.4725 0 79.0541 1 
0.998431 0 -0.0559978 0 0 1 0 0 0.0559978 0 0.998431 0 -32.4646 0 79.1684 1 
0.99958 0 -0.0289783 0 0 1 0 0 0.0289783 0 0.99958 0 -32.4482 0 79.2723 1 
0.999796 0 -0.0201835 0 0 1 0 0 0.0201835 0 0.999796 0 -32.4414 0 79.3906 1 
0.99996 0 -0.00888841 0 0 1 0 0 0.00888841 0 0.99996 0 -32.4347 0 79.5132 1 
0.999728 0 -0.0233184 0 0 1 0 0 0.0233184 0 0.999728 0 -32.4387 0 79.6543 1 
0.99985 0 -0.0173262 0 0 1 0 0 0.0173262 0 0.99985 0 -32.4334 0 79.7851 1 
0.999793 0 -0.0203622 0 0 1 0 0 0.0203622 0 0.999793 0 -32.4323 0 79.9153 1 
0.99978 0 -0.0209564 0 0 1 0 0 0.0209564 0 0.99978 0 -32.4299 0 80.0425 1 
0.999943 0 -0.0106628 0 0 1 0 0 0.0106628 0 0.999943 0 -32.4235 0 80.1668 1 
0.999996 0 -0.00279883 0 0 1 0 0 0.00279883 0 0.999996 0 -32.4192 0 80.2916 1 
0.999998 0 0.00175554 0 0 1 0 0 -0.00175554 0 0.999998 0 -32.4172 0 80.4143 1 
0.999894 0 0.0145538 0 0 1 0 0 -0.0145538 0 0.999894 0 -32.4126 0 80.5344 1 
0.999993 0 0.00384026 0 0 1 0 0 -0.00384026 0 0.999993 0 -32.4184 0 80.6594 1 
1 0 0.000169579 0 0 1 0 0 -0.000169579 0 1 0 -32.4203 0 80.7738 1 
0.999981 0 -0.00613915 0 0 1 0 0 0.00613915 0 0.999981 0 -32.4227 0 80.8941 1 
0.999686 0 -0.0250511 0 0 1 0 0 0.0250511 0 0.999686 0 -32.4289 0 81.0266 1 
0.999225 0 -0.0393537 0 0 1 0 0 0.0393537 0 0.999225 0 -32.4308 0 81.1629 1 
0.999076 0 -0.0429772 0 0 1 0 0 0.0429772 0 0.999076 0 -32.4269 0 81.2964 1 
0.999706 0 -0.0242554 0 0 1 0 0 0.0242554 0 0.999706 0 -32.4146 0 81.4187 1 
0.999618 0 -0.0276329 0 0 1 0 0 0.0276329 0 0.999618 0 -32.4126 0 81.5514 1 
0.999568 0 -0.0293921 0 0 1 0 0 0.0293921 0 0.999568 0 -32.4097 0 81.6808 1 
0.999536 0 -0.0304646 0 0 1 0 0 0.0304646 0 0.999536 0 -32.4063 0 81.81 1 
0.999178 0 -0.0405433 0 0 1 0 0 0.0405433 0 0.999178 0 -32.406 0 81.9424 1 
0.999204 0 -0.0398869 0 0 1 0 0 0.0398869 0 0.999204 0 -32.4007 0 82.0668 1 
0.998618 0 -0.052558 0 0 1 0 0 0.052558 0 0.998618 0 -32.4004 0 82.1946 1 
0.998256 0 -0.0590386 0 0 1 0 0 0.0590386 0 0.998256 0 -32.3966 0 82.314 1 
0.998431 0 -0.0559978 0 0 1 0 0 0.0559978 0 0.998431 0 -32.3886 0 82.4283 1 
0.99958 0 -0.0289783 0 0 1 0 0 0.0289783 0 0.99958 0 -32.3723 0 82.5322 1 
0.999796 0 -0.0201835 0 0 1 0 0 0.0201835 0 0.999796 0 -32.3655 0 82.6505 1 
0.99996 0 -0.00888841 0 0 1 0 0 0.00888841 0 0.99996 0 -32.3588 0 82.7731 1 
0.999728 0 -0.0233184 0 0 1 0 0 0.0233184 0 0.999728 0 -32.3628 0 82.9142 1 
0.99985 0 -0.0173262 0 0 1 0 0 0.0173262 0 0.99985 0 -32.3575 0 83.045 1 
0.999793 0 -0.0203622 0 0 1 0 0 0.0203622 0 0.999793 0 -32.3564 0 83.1752 1 
0.99978 0 -0.0209564 0 0 1 0 0 0.0209564 0 0.99978 0 -32.354 0 83.3025 1 
0.999943 0 -0.0106628 0 0 1 0 0 0.0106628 0 0.999943 0 -32.3476 0 83.4268 1 
0.999996 0 -0.00279883 0 0 1 0 0 0.00279883 0 0.999996 0 -32.3433 0 83.5516 1 
0.999998 0 0.00175554 0 0 1 0 0 -0.00175554 0 0.999998 0 -32.3413 0 83.6743 1 
0.999894 0 0.0145538 0 0 1 0 0 -0.0145538 0 0.999894 0 -32.3367 0 83.7944 1 
0.999993 0 0.00384026 0 0 1 0 0 -0.00384026 0 0.999993 0 -32.3425 0 83.9194 1 
1 0 0.000169579 0 0 1 0 0 -0.000169579 0 1 0 -32.3444 0 84.0337 1 
0.999981 0 -0.00613915 0 0 1 0 0 0.00613915 0 0.999981 0 -32.3468 0 84.154 1 
0.999686 0 -0.0250511 0 0 1 0 0 0.0250511 0 0.999686 0 -32.353 0 84.2866 1 
0.999225 0 -0.0393537 0 0 1 0 0 0.0393537 0 0.999225 0 -32.3549 0 84.4229 1 
0.999076 0 -0.0429772 0 0 1 0 0 0.0429772 0 0.999076 0 -32.351 0 84.5564 1 
0.999706 0 -0.0242554 0 0 1 0 0 0.0242554 0 0.999706 0 -32.3387 0 84.6786 1 
0.999618 0 -0.0276329 0 0 1 0 0 0.0276329 0 0.999618 0 -32.3367 0 84.8113 1 
0.999568 0 -0.0293921 0 0 1 0 0 0.0293921 0 0.999568 0 -32.3338 0 84.9408 1 
0.999536 0 -0.0304646 0 0 1 0 0 0.0304646 0 0.999536 0 -32.3304 0 85.0699 1 
0.999178 0 -0.0405433 0 0 1 0 0 0.0405433 0 0.999178 0 -32.3301 0 85.2023 1 
0.999204 0 -0.0398869 0 0 1 0 0 0.0398869 0 0.999204 0 -32.3248 0 85.3267 1 
0.998618 0 -0.052558 0 0 1 0 0 0.052558 0 0.998618 0 -32.3245 0 85.4546 1 
0.998256 0 -0.0590386 0 0 1 0 0 0.0590386 0 0.998256 0 -32.3207 0 85.574 1 
0.998431 0 -0.0559978 0 0 1 0 0 0.0559978 0 0.998431 0 -32.3127 0 85.6883 1 
0.99958 0 -0.0289783 0 0 1 0 0 0.0289783 0 0.99958 0 -32.2964 0 85.7922 1 
0.999796 0 -0.0201835 0 0 1 0 0 0.0201835 0 0.999796 0 -32.2896 0 85.9105 1 
0.99996 0 -0.00888841 0 0 1 0 0 0.00888841 0 0.99996 0 -32.2829 0 86.0331 1 
0.999728 0 -0.0233184 0 0 1 0 0 0.0233184 0 0.999728 0 -32.2869 0 86.1742 1 
0.99985 0 -0.0173262 0 0 1 0 0 0.0173262 0 0.99985 0 -32.2816 0 86.305 1 
0.999793 0 -0.0203622 0 0 1 0 0 0.0203622 0 0.999793 0 -32.2805 0 86.4352 1 
0.99978 0 -0.0209564 0 0 1 0 0 0.0209564 0 0.99978 0 -32.2781 0 86.5624 1 
0.999943 0 -0.0106628 0 0 1 0 0 0.0106628 0 0.999943 0 -32.2717 0 86.6867 1 
0.999996 0 -0.00279883 0 0 1 0 0 0.00279883 0 0.999996 0 -32.2674 0 86.8116 1 
0.999998 0 0.00175554 0 0 1 0 0 -0.00175554 0 0.999998 0 -32.2654 0 86.9342 1 
0.999894 0 0.0145538 0 0 1 0 0 -0.0145538 0 0.999894 0 -32.2608 0 87.0543 1 
0.999993 0 0.00384026 0 0 1 0 0 -0.00384026 0 0.999993 0 -32.2666 0 87.1793 1 
1 0 0.000169579 0 0 1 0 0 -0.000169579 0 1 0 -32.2685 0 87.2937 1 
0.999981 0 -0.00613915 0 0 1 0 0 0.00613915 0 0.999981 0 -32.2709 0 87.414 1 
0.999686 0 -0.0250511 0 0 1 0 0 0.0250511 0 0.999686 0 -32.2771 0 87.5465 1 
0.999225 0 -0.0393537 0 0 1 0 0 0.0393537 0 0.999225 0 -32.279 0 87.6829 1 
0.999076 0 -0.0429772 0 0 1 0 0 0.0429772 0 0.999076 0 -32.275 0 87.8163 1 
0.999706 0 -0.0242554 0 0 1 0 0 0.0242554 0 0.999706 0 -32.2628 0 87.9386 1 
0.999618 0 -0.0276329 0 0 1 0 0 0.0276329 0 0.999618 0 -32.2608 0 88.0713 1 
0.999568 0 -0.0293921 0 0 1 0 0 0.0293921 0 0.999568 0 -32.2579 0 88.2007 1 
0.999536 0 -0.0304646 0 0 1 0 0 0.0304646 0 0.999536 0 -32.2545 0 88.3299 1 
0.999178 0 -0.0405433 0 0 1 0 0 0.0405433 0 0.999178 0 -32.2542 0 88.4623 1 
0.999204 0 -0.0398869 0 0 1 0 0 0.0398869 0 0.999204 0 -32.2489 0 88.5867 1 
0.998618 0 -0.052558 0 0 1 0 0 0.052558 0 0.998618 0 -32.2486 0 88.7145 1 
0.998256 0 -0.0590386 0 0 1 0 0 0.0590386 0 0.998256 0 -32.2448 0 88.834 1 
0.998431 0 -0.0559978 0 0 1 0 0 0.0559978 0 0.998431 0 -32.2368 0 88.9482 1 
0.99958 0 -0.0289783 0 0 1 0 0 0.0289783 0 0.99958 0 -32.2205 0 89.0521 1 
0.999796 0 -0.0201835 0 0 1 0 0 0.0201835 0 0.999796 0 -32.2137 0 89.1704 1 
0.99996 0 -0.00888841 0 0 1 0 0 0.00888841 0 0.99996 0 -32.207 0 89.293 1 
0.999728 0 -0.0233184 0 0 1 0 0 0.0233184 0 0.999728 0 -32.211 0 89.4342 1 
0.99985 0 -0.0173262 0 0 1 0 0 0.0173262 0 0.99985 0 -32.2057 0 89.5649 1 
0.999793 0 -0.0203622 0 0 1 0 0 0.0203622 0 0.999793 0 -32.2046 0 89.6952 1 
0.99978 0 -0.0209564 0 0 1 0 0 0.0209564 0 0.99978 0 -32.2022 0 89.8224 1 
0.999943 0 -0.0106628 0 0 1 0 0 0.0106628 0 0.999943 0 -32.1958 0 89.9467 1 
0.999996 0 -0.00279883 0 0 1 0 0 0.00279883 0 0.999996 0 -32.1915 0 90.0715 1 
0.999998 0 0.00175554 0 0 1 0 0 -0.00175554 0 0.999998 0 -32.1895 0 90.1942 1 
0.999894 0 0.0145538 0 0 1 0 0 -0.0145538 0 0.999894 0 -32.1848 0 90.3143 1 
0.999993 0 0.00384026 0 0 1 0 0 -0.00384026 0 0.999993 0 -32.1907 0 90.4393 1 
1 0 0.000169579 0 0 1 0 0 -0.000169579 0 1 0 -32.1926 0 90.5536 1 
0.999981 0 -0.00613915 0 0 1 0 0 0.00613915 0 0.999981 0 -32.195 0 90.6739 1 
0.999686 0 -0.0250511 0 0 1 0 0 0.0250511 0 0.999686 0 -32.2012 0 90.8065 1 
0.999225 0 -0.0393537 0 0 1 0 0 0.0393537 0 0.999225 0 -32.2031 0 90.9428 1 
0.999076 0 -0.0429772 0 0 1 0 0 0.0429772 0 0.999076 0 -32.1991 0 91.0763 1 
0.999706 0 -0.0242554 0 0 1 0 0 0.0242554 0 0.999706 0 -32.1869 0 91.1985 1 
0.999618 0 -0.0276329 0 0 1 0 0 0.0276329 0 0.999618 0 -32.1849 0 91.3312 1 
0.999568 0 -0.0293921 0 0 1 0 0 0.0293921 0 0.999568 0 -32.182 0 91.4607 1 
0.999536 0 -0.0304646 0 0 1 0 0 0.0304646 0 0.999536 0 -32.1786 0 91.5899 1 
0.999178 0 -0.0405433 0 0 1 0 0 0.0405433 0 0.999178 0 -32.1783 0 91.7222 1 
0.999204 0 -0.0398869 0 0 1 0 0 0.0398869 0 0.999204 0 -32.173 0 91.8466 1 
0.998618 0 -0.052558 0 0 1 0 0 0.052558 0 0.998618 0 -32.1727 0 91.9745 1 
0.998256 0 -0.0590386 0 0 1 0 0 0.0590386 0 0.998256 0 -32.1689 0 92.0939 1 
0.998431 0 -0.0559978 0 0 1 0 0 0.0559978 0 0.998431 0 -32.1609 0 92.2082 1 
0.99958 0 -0.0289783 0 0 1 0 0 0.0289783 0 0.99958 0 -32.1446 0 92.3121 1 
0.999796 0 -0.0201835 0 0 1 0 0 0.0201835 0 0.999796 0 -32.1378 0 92.4304 1 
0.99996 0 -0.00888841 0 0 1 0 0 0.00888841 0 0.99996 0 -32.1311 0 92.553 1 
0.999728 0 -0.0233184 0 0 1 0 0 0.0233184 0 0.999728 0 -32.1351 0 92.6941 1 
0.99985 0 -0.0173262 0 0 1 0 0 0.0173262 0 0.99985 0 -32.1298 0 92.8249 1 
0.999793 0 -0.0203622 0 0 1 0 0 0.0203622 0 0.999793 0 -32.1287 0 92.9551 1 
0.99978 0 -0.0209564 0 0 1 0 0 0.0209564 0 0.99978 0 -32.1263 0 93.0824 1 
0.999943 0 -0.0106628 0 0 1 0 0 0.0106628 0 0.999943 0 -32.1199 0 93.2066 1 
0.999996 0 -0.00279883 0 0 1 0 0 0.00279883 0 0.999996 0 -32.1156 0 93.3315 1 
0.999998 0 0.00175554 0 0 1 0 0 -0.00175554 0 0.999998 0 -32.1136 0 93.4541 1 
0.999894 0 0.0145538 0 0 1 0 0 -0.0145538 0 0.999894 0 -32.1089 0 93.5742 1 
0.999993 0 0.00384026 0 0 1 0 0 -0.00384026 0 0.999993 0 -32.1148 0 93.6992 1 
1 0 0.000169579 0 0 1 0 0 -0.000169579 0 1 0 -32.1167 0 93.8136 1 
0.999981 0 -0.00613915 0 0 1 0 0 0.00613915 0 0.999981 0 -32.1191 0 93.9339 1 
0.999686 0 -0.0250511 0 0 1 0 0 0.0250511 0 0.999686 0 -32.1253 0 94.0664 1 
0.999225 0 -0.0393537 0 0 1 0 0 0.0393537 0 0.999225 0 -32.1272 0 94.2028 1 
0.999076 0 -0.0429772 0 0 1 0 0 0.0429772 0 0.999076 0 -32.1232 0 94.3363 1 
0.999706 0 -0.0242554 0 0 1 0 0 0.0242554 0 0.999706 0 -32.111 0 94.4585 1 
0.999618 0 -0.0276329 0 0 1 0 0 0.0276329 0 0.999618 0 -32.109 0 94.5912 1 
0.999568 0 -0.0293921 0 0 1 0 0 0.0293921 0 0.999568 0 -32.1061 0 94.7207 1 
0.999536 0 -0.0304646 0 0 1 0 0 0.0304646 0 0.999536 0 -32.1027 0 94.8498 1 
0.999178 0 -0.0405433 0 0 1 0 0 0.0405433 0 0.999178 0 -32.1024 0 94.9822 1 
0.999204 0 -0.0398869 0 0 1 0 0 0.0398869 0 0.999204 0 -32.0971 0 95.1066 1 
0.998618 0 -0.052558 0 0 1 0 0 0.052558 0 0.998618 0 -32.0968 0 95.2344 1 
0.998256 0 -0.0590386 0 0 1 0 0 0.0590386 0 0.998256 0 -32.093 0 95.3539 1 
0.998431 0 -0.0559978 0 0 1 0 0 0.0559978 0 0.998431 0 -32.085 0 95.4682 1 
0.99958 0 -0.0289783 0 0 1 0 0 0.0289783 0 0.99958 0 -32.0687 0 95.572 1 
0.999796 0 -0.0201835 0 0 1 0 0 0.0201835 0 0.999796 0 -32.0619 0 95.6904 1 
0.99996 0 -0.00888841 0 0 1 0 0 0.00888841 0 0.99996 0 -32.0552 0 95.813 1 
0.999728 0 -0.0233184 0 0 1 0 0 0.0233184 0 0.999728 0 -32.0592 0 95.9541 1 
0.99985 0 -0.0173262 0 0 1 0 0 0.0173262 0 0.99985 0 -32.0539 0 96.0848 1 
0.999793 0 -0.0203622 0 0 1 0 0 0.0203622 0 0.999793 0 -32.0528 0 96.2151 1 
0.99978 0 -0.0209564 0 0 1 0 0 0.0209564 0 0.99978 0 -32.0504 0 96.3423 1 
0.999943 0 -0.0106628 0 0 1 0 0 0.0106628 0 0.999943 0 -32.044 0 96.4666 1 
0.999996 0 -0.00279883 0 0 1 0 0 0.00279883 0 0.999996 0 -32.0397 0 96.5914 1 
0.999998 0 0.00175554 0 0 1 0 0 -0.00175554 0 0.999998 0 -32.0376 0 96.7141 1 
0.999894 0 0.0145538 0 0 1 0 0 -0.0145538 0 0.999894 0 -32.033 0 96.8342 1 
0.999993 0 0.00384026 0 0 1 0 0 -0.00384026 0 0.999993 0 -32.0389 0 96.9592 1 
1 0 0.000169579 0 0 1 0 0 -0.000169579 0 1 0 -32.0408 0 97.0736 1 
0.999981 0 -0.00613915 0 0 1 0 0 0.00613915 0 0.999981 0 -32.0432 0 97.1939 1 
0.999686 0 -0.0250511 0 0 1 0 0 0.0250511 0 0.999686 0 -32.0494 0 97.3264 1 
0.999225 0 -0.0393537 0 0 1 0 0 0.0393537 0 0.999225 0 -32.0513 0 97.4627 1 
0.999076 0 -0.0429772 0 0 1 0 0 0.0429772 0 0.999076 0 -32.0473 0 97.5962 1 
0.999706 0 -0.0242554 0 0 1 0 0 0.0242554 0 0.999706 0 -32.0351 0 97.7185 1 
0.999618 0 -0.0276329 0 0 1 0 0 0.0276329 0 0.999618 0 -32.0331 0 97.8511 1 
0.999568 0 -0.0293921 0 0 1 0 0 0.0293921 0 0.999568 0 -32.0302 0 97.9806 1 
0.999536 0 -0.0304646 0 0 1 0 0 0.0304646 0 0.999536 0 -32.0268 0 98.1098 1 
0.999178 0 -0.0405433 0 0 1 0 0 0.0405433 0 0.999178 0 -32.0265 0 98.2421 1 
0.999204 0 -0.0398869 0 0 1 0 0 0.0398869 0 0.999204 0 -32.0212 0 98.3665 1 
0.998618 0 -0.052558 0 0 1 0 0 0.052558 0 0.998618 0 -32.0209 0 98.4944 1 
0.998256 0 -0.0590386 0 0 1 0 0 0.0590386 0 0.998256 0 -32.0171 0 98.6138 1 
0.998431 0 -0.0559978 0 0 1 0 0 0.0559978 0 0.998431 0 -32.0091 0 98.7281 1 
0.99958 0 -0.0289783 0 0 1 0 0 0.0289783 0 0.99958 0 -31.9928 0 98.832 1 
0.999796 0 -0.0201835 0 0 1 0 0 0.0201835 0 0.999796 0 -31.986 0 98.9503 1 
0.99996 0 -0.00888841 0 0 1 0 0 0.00888841 0 0.99996 0 -31.9793 0 99.0729 1 
0.999728 0 -0.0233184 0 0 1 0 0 0.0233184 0 0.999728 0 -31.9833 0 99.214 1 
0.99985 0 -0.0173262 0 0 1 0 0 0.0173262 0 0.99985 0 -31.978 0 99.3448 1 
0.999793 0 -0.0203622 0 0 1 0 0 0.0203622 0 0.999793 0 -31.9769 0 99.475 1 
0.99978 0 -0.0209564 0 0 1 0 0 0.0209564 0 0.99978 0 -31.9745 0 99.6023 1 
0.999943 0 -0.0106628 0 0 1 0 0 0.0106628 0 0.999943 0 -31.9681 0 99.7265 1 
0.999996 0 -0.00279883 0 0 1 0 0 0.00279883 0 0.999996 0 -31.9638 0 99.8514 1 
0.999998 0 0.00175554 0 0 1 0 0 -0.00175554 0 0.999998 0 -31.9617 0 99.974 1 
0.999894 0 0.0145538 0 0 1 0 0 -0.0145538 0 0.999894 0 -31.9571 0 100.094 1 
0.999993 0 0.00384026 0 0 1 0 0 -0.00384026 0 0.999993 0 -31.963 0 100.219 1 
1 0 0.000169579 0 0 1 0 0 -0.000169579 0 1 0 -31.9649 0 100.334 1 
0.999981 0 -0.00613915 0 0 1 0 0 0.00613915 0 0.999981 0 -31.9673 0 100.454 1 
0.999686 0 -0.0250511 0 0 1 0 0 0.0250511 0 0.999686 0 -31.9735 0 100.586 1 
0.999225 0 -0.0393537 0 0 1 0 0 0.0393537 0 0.999225 0 -31.9754 0 100.723 1 
0.999076 0 -0.0429772 0 0 1 0 0 0.0429772 0 0.999076 0 -31.9714 0 100.856 1 
0.999706 0 -0.0242554 0 0 1 0 0 0.0242554 0 0.999706 0 -31.9592 0 100.978 1 
0.999618 0 -0.0276329 0 0 1 0 0 0.0276329 0 0.999618 0 -31.9572 0 101.111 1 
0.999568 0 -0.0293921 0 0 1 0 0 0.0293921 0 0.999568 0 -31.9543 0 101.241 1 
0.999536 0 -0.0304646 0 0 1 0 0 0.0304646 0 0.999536 0 -31.9509 0 101.37 1 
0.999178 0 -0.0405433 0 0 1 0 0 0.0405433 0 0.999178 0 -31.9506 0 101.502 1 
0.999204 0 -0.0398869 0 0 1 0 0 0.0398869 0 0.999204 0 -31.9453 0 101.627 1 
0.998618 0 -0.052558 0 0 1 0 0 0.052558 0 0.998618 0 -31.9449 0 101.754 1 
0.998256 0 -0.0590386 0 0 1 0 0 0.0590386 0 0.998256 0 -31.9411 0 101.874 1 
0.998431 0 -0.0559978 0 0 1 0 0 0.0559978 0 0.998431 0 -31.9332 0 101.988 1 
0.99958 0 -0.0289783 0 0 1 0 0 0.0289783 0 0.99958 0 -31.9169 0 102.092 1 
0.999796 0 -0.0201835 0 0 1 0 0 0.0201835 0 0.999796 0 -31.9101 0 102.21 1 
0.99996 0 -0.00888841 0 0 1 0 0 0.00888841 0 0.99996 0 -31.9034 0 102.333 1 
0.999728 0 -0.0233184 0 0 1 0 0 0.0233184 0 0.999728 0 -31.9074 0 102.474 1 
0.99985 0 -0.0173262 0 0 1 0 0 0.0173262 0 0.99985 0 -31.9021 0 102.605 1 
0.999793 0 -0.0203622 0 0 1 0 0 0.0203622 0 0.999793 0 -31.901 0 102.735 1 
0.99978 0 -0.0209564 0 0 1 0 0 0.0209564 0 0.99978 0 -31.8986 0 102.862 1 
0.999943 0 -0.0106628 0 0 1 0 0 0.0106628 0 0.999943 0 -31.8922 0 102.987 1 
0.999996 0 -0.00279883 0 0 1 0 0 0.00279883 0 0.999996 0 -31.8879 0 103.111 1 
0.999998 0 0.00175554 0 0 1 0 0 -0.00175554 0 0.999998 0 -31.8858 0 103.234 1 
0.999894 0 0.0145538 0 0 1 0 0 -0.0145538 0 0.999894 0 -31.8812 0 103.354 1 
0.999993 0 0.00384026 0 0 1 0 0 -0.00384026 0 0.999993 0 -31.8871 0 103.479 1 
1 0 0.000169579 0 0 1 0 0 -0.000169579 0 1 0 -31.889 0 103.593 1 
0.999981 0 -0.00613915 0 0 1 0 0 0.00613915 0 0.999981 0 -31.8914 0 103.714 1 
0.999686 0 -0.0250511 0 0 1 0 0 0.0250511 0 0.999686 0 -31.8976 0 103.846 1 
0.999225 0 -0.0393537 0 0 1 0 0 0.0393537 0 0.999225 0 -31.8994 0 103.983 1 
0.999076 0 -0.0429772 0 0 1 0 0 0.0429772 0 0.999076 0 -31.8955 0 104.116 1 
0.999706 0 -0.0242554 0 0 1 0 0 0.0242554 0 0.999706 0 -31.8833 0 104.238 1 
0.999618 0 -0.0276329 0 0 1 0 0 0.0276329 0 0.999618 0 -31.8813 0 104.371 1 
0.999568 0 -0.0293921 0 0 1 0 0 0.0293921 0 0.999568 0 -31.8784 0 104.501 1 
0.999536 0 -0.0304646 0 0 1 0 0 0.0304646 0 0.999536 0 -31.875 0 104.63 1 
0.999178 0 -0.0405433 0 0 1 0 0 0.0405433 0 0.999178 0 -31.8747 0 104.762 1 
0.999204 0 -0.0398869 0 0 1 0 0 0.0398869 0 0.999204 0 -31.8694 0 104.886 1 
0.998618 0 -0.052558 0 0 1 0 0 0.052558 0 0.998618 0 -31.869 0 105.014 1 
0.998256 0 -0.0590386 0 0 1 0 0 0.0590386 0 0.998256 0 -31.8652 0 105.134 1 
0.998431 0 -0.0559978 0 0 1 0 0 0.0559978 0 0.998431 0 -31.8573 0 105.248 1 
0.99958 0 -0.0289783 0 0 1 0 0 0.0289783 0 0.99958 0 -31.841 0 105.352 1 
0.999796 0 -0.0201835 0 0 1 0 0 0.0201835 0 0.999796 0 -31.8342 0 105.47 1 
0.99996 0 -0.00888841 0 0 1 0 0 0.00888841 0 0.99996 0 -31.8275 0 105.593 1 
0.999728 0 -0.0233184 0 0 1 0 0 0.0233184 0 0.999728 0 -31.8315 0 105.734 1 
0.99985 0 -0.0173262 0 0 1 0 0 0.0173262 0 0.99985 0 -31.8262 0 105.865 1 
0.999793 0 -0.0203622 0 0 1 0 0 0.0203622 0 0.999793 0 -31.8251 0 105.995 1 
0.99978 0 -0.0209564 0 0 1 0 0 0.0209564 0 0.99978 0 -31.8227 0 106.122 1 
0.999943 0 -0.0106628 0 0 1 0 0 0.0106628 0 0.999943 0 -31.8163 0 106.246 1 
0.999996 0 -0.00279883 0 0 1 0 0 0.00279883 0 0.999996 0 -31.812 0 106.371 1 
0.999998 0 0.00175554 0 0 1 0 0 -0.00175554 0 0.999998 0 -31.8099 0 106.494 1 
0.999894 0 0.0145538 0 0 1 0 0 -0.0145538 0 0.999894 0 -31.8053 0 106.614 1 
0.999993 0 0.00384026 0 0 1 0 0 -0.00384026 0 0.999993 0 -31.8112 0 106.739 1 
1 0 0.000169579 0 0 1 0 0 -0.000169579 0 1 0 -31.813 0 106.853 1 
0.999981 0 -0.00613915 0 0 1 0 0 0.00613915 0 0.999981 0 -31.8155 0 106.974 1 
0.999686 0 -0.0250511 0 0 1 0 0 0.0250511 0 0.999686 0 -31.8217 0 107.106 1 
0.999225 0 -0.0393537 0 0 1 0 0 0.0393537 0 0.999225 0 -31.8235 0 107.243 1 
0.999076 0 -0.0429772 0 0 1 0 0 0.0429772 0 0.999076 0 -31.8196 0 107.376 1 
0.999706 0 -0.0242554 0 0 1 0 0 0.0242554 0 0.999706 0 -31.8074 0 107.498 1 
0.999618 0 -0.0276329 0 0 1 0 0 0.0276329 0 0.999618 0 -31.8054 0 107.631 1 
0.999568 0 -0.0293921 0 0 1 0 0 0.0293921 0 0.999568 0 -31.8025 0 107.76 1 
0.999536 0 -0.0304646 0 0 1 0 0 0.0304646 0 0.999536 0 -31.7991 0 107.89 1 
0.999178 0 -0.0405433 0 0 1 0 0 0.0405433 0 0.999178 0 -31.7988 0 108.022 1 
0.999204 0 -0.0398869 0 0 1 0 0 0.0398869 0 0.999204 0 -31.7935 0 108.146 1 
0.998618 0 -0.052558 0 0 1 0 0 0.052558 0 0.998618 0 -31.7931 0 108.274 1 
0.998256 0 -0.0590386 0 0 1 0 0 0.0590386 0 0.998256 0 -31.7893 0 108.394 1 
0.998431 0 -0.0559978 0 0 1 0 0 0.0559978 0 0.998431 0 -31.7814 0 108.508 1 
0.99958 0 -0.0289783 0 0 1 0 0 0.0289783 0 0.99958 0 -31.765 0 108.612 1 
0.999796 0 -0.0201835 0 0 1 0 0 0.0201835 0 0.999796 0 -31.7583 0 108.73 1 
0.99996 0 -0.00888841 0 0 1 0 0 0.00888841 0 0.99996 0 -31.7516 0 108.853 1 
0.999728 0 -0.0233184 0 0 1 0 0 0.0233184 0 0.999728 0 -31.7556 0 108.994 1 
0.99985 0 -0.0173262 0 0 1 0 0 0.0173262 0 0.99985 0 -31.7503 0 109.125 1 
0.999793 0 -0.0203622 0 0 1 0 0 0.0203622 0 0.999793 0 -31.7492 0 109.255 1 
0.99978 0 -0.0209564 0 0 1 0 0 0.0209564 0 0.99978 0 -31.7468 0 109.382 1 
0.999943 0 -0.0106628 0 0 1 0 0 0.0106628 0 0.999943 0 -31.7404 0 109.506 1 
0.999996 0 -0.00279883 0 0 1 0 0 0.00279883 0 0.999996 0 -31.7361 0 109.631 1 
0.999998 0 0.00175554 0 0 1 0 0 -0.00175554 0 0.999998 0 -31.734 0 109.754 1 
0.999894 0 0.0145538 0 0 1 0 0 -0.0145538 0 0.999894 0 -31.7294 0 109.874 1 
0.999993 0 0.00384026 0 0 1 0 0 -0.00384026 0 0.999993 0 -31.7353 0 109.999 1 
1 0 0.000169579 0 0 1 0 0 -0.000169579 0 1 0 -31.7371 0 110.113 1 
0.999981 0 -0.00613915 0 0 1 0 0 0.00613915 0 0.999981 0 -31.7396 0 110.234 1 
0.999686 0 -0.0250511 0 0 1 0 0 0.0250511 0 0.999686 0 -31.7458 0 110.366 1 
0.999225 0 -0.0393537 0 0 1 0 0 0.0393537 0 0.999225 0 -31.7476 0 110.503 1 
0.999076 0 -0.0429772 0 0 1 0 0 0.0429772 0 0.999076 0 -31.7437 0 110.636 1 
0.999706 0 -0.0242554 0 0 1 0 0 0.0242554 0 0.999706 0 -31.7315 0 110.758 1 
0.999618 0 -0.0276329 0 0 1 0 0 0.0276329 0 0.999618 0 -31.7295 0 110.891 1 
0.999568 0 -0.0293921 0 0 1 0 0 0.0293921 0 0.999568 0 -31.7266 0 111.02 1 
0.999536 0 -0.0304646 0 0 1 0 0 0.0304646 0 0.999536 0 -31.7232 0 111.15 1 
0.999178 0 -0.0405433 0 0 1 0 0 0.0405433 0 0.999178 0 -31.7229 0 111.282 1 
0.999204 0 -0.0398869 0 0 1 0 0 0.0398869 0 0.999204 0 -31.7176 0 111.406 1 
0.998618 0 -0.052558 0 0 1 0 0 0.052558 0 0.998618 0 -31.7172 0 111.534 1 
0.998256 0 -0.0590386 0 0 1 0 0 0.0590386 0 0.998256 0 -31.7134 0 111.654 1 
0.998431 0 -0.0559978 0 0 1 0 0 0.0559978 0 0.998431 0 -31.7055 0 111.768 1 
0.99958 0 -0.0289783 0 0 1 0 0 0.0289783 0 0.99958 0 -31.6891 0 111.872 1 
0.999796 0 -0.0201835 0 0 1 0 0 0.0201835 0 0.999796 0 -31.6824 0 111.99 1 
0.99996 0 -0.00888841 0 0 1 0 0 0.00888841 0 0.99996 0 -31.6757 0 112.113 1 
0.999728 0 -0.0233184 0 0 1 0 0 0.0233184 0 0.999728 0 -31.6796 0 112.254 1 
0.99985 0 -0.0173262 0 0 1 0 0 0.0173262 0 0.99985 0 -31.6744 0 112.385 1 
0.999793 0 -0.0203622 0 0 1 0 0 0.0203622 0 0.999793 0 -31.6733 0 112.515 1 
0.99978 0 -0.0209564 0 0 1 0 0 0.0209564 0 0.99978 0 -31.6709 0 112.642 1 
0.999943 0 -0.0106628 0 0 1 0 0 0.0106628 0 0.999943 0 -31.6644 0 112.766 1 
0.999996 0 -0.00279883 0 0 1 0 0 0.00279883 0 0.999996 0 -31.6602 0 112.891 1 
0.999998 0 0.00175554 0 0 1 0 0 -0.00175554 0 0.999998 0 -31.6581 0 113.014 1 
0.999894 0 0.0145538 0 0 1 0 0 -0.0145538 0 0.999894 0 -31.6535 0 113.134 1 
0.999993 0 0.00384026 0 0 1 0 0 -0.00384026 0 0.999993 0 -31.6594 0 113.259 1 
1 0 0.000169579 0 0 1 0 0 -0.000169579 0 1 0 -31.6612 0 113.373 1 
0.999981 0 -0.00613915 0 0 1 0 0 0.00613915 0 0.999981 0 -31.6637 0 113.494 1 
0.999686 0 -0.0250511 0 0 1 0 0 0.0250511 0 0.999686 0 -31.6699 0 113.626 1 
0.999225 0 -0.0393537 0 0 1 0 0 0.0393537 0 0.999225 0 -31.6717 0 113.763 1 
0.999076 0 -0.0429772 0 0 1 0 0 0.0429772 0 0.999076 0 -31.6678 0 113.896 1 
0.999706 0 -0.0242554 0 0 1 0 0 0.0242554 0 0.999706 0 -31.6556 0 114.018 1 
0.999618 0 -0.0276329 0 0 1 0 0 0.0276329 0 0.999618 0 -31.6536 0 114.151 1 
0.999568 0 -0.0293921 0 0 1 0 0 0.0293921 0 0.999568 0 -31.6507 0 114.28 1 
0.999536 0 -0.0304646 0 0 1 0 0 0.0304646 0 0.999536 0 -31.6473 0 114.41 1 
0.999178 0 -0.0405433 0 0 1 0 0 0.0405433 0 0.999178 0 -31.647 0 114.542 1 
0.999204 0 -0.0398869 0 0 1 0 0 0.0398869 0 0.999204 0 -31.6417 0 114.666 1 
0.998618 0 -0.052558 0 0 1 0 0 0.052558 0 0.998618 0 -31.6413 0 114.794 1 
0.998256 0 -0.0590386 0 0 1 0 0 0.0590386 0 0.998256 0 -31.6375 0 114.914 1 
0.998431 0 -0.0559978 0 0 1 0 0 0.0559978 0 0.998431 0 -31.6296 0 115.028 1 
0.99958 0 -0.0289783 0 0 1 0 0 0.0289783 0 0.99958 0 -31.6132 0 115.132 1 
0.999796 0 -0.0201835 0 0 1 0 0 0.0201835 0 0.999796 0 -31.6065 0 115.25 1 
0.99996 0 -0.00888841 0 0 1 0 0 0.00888841 0 0.99996 0 -31.5998 0 115.373 1 
0.999728 0 -0.0233184 0 0 1 0 0 0.0233184 0 0.999728 0 -31.6037 0 115.514 1 
0.99985 0 -0.0173262 0 0 1 0 0 0.0173262 0 0.99985 0 -31.5985 0 115.645 1 
0.999793 0 -0.0203622 0 0 1 0 0 0.0203622 0 0.999793 0 -31.5974 0 115.775 1 
0.99978 0 -0.0209564 0 0 1 0 0 0.0209564 0 0.99978 0 -31.595 0 115.902 1 
0.999943 0 -0.0106628 0 0 1 0 0 0.0106628 0 0.999943 0 -31.5885 0 116.026 1 
0.999996 0 -0.00279883 0 0 1 0 0 0.00279883 0 0.999996 0 -31.5843 0 116.151 1 
0.999998 0 0.00175554 0 0 1 0 0 -0.00175554 0 0.999998 0 -31.5822 0 116.274 1 
0.999894 0 0.0145538 0 0 1 0 0 -0.0145538 0 0.999894 0 -31.5776 0 116.394 1 
0.999993 0 0.00384026 0 0 1 0 0 -0.00384026 0 0.999993 0 -31.5835 0 116.519 1 
1 0 0.000169579 0 0 1 0 0 -0.000169579 0 1 0 -31.5853 0 116.633 1 
0.999981 0 -0.00613915 0 0 1 0 0 0.00613915 0 0.999981 0 -31.5878 0 116.754 1 
0.999686 0 -0.0250511 0 0 1 0 0 0.0250511 0 0.999686 0 -31.594 0 116.886 1 
0.999225 0 -0.0393537 0 0 1 0 0 0.0393537 0 0.999225 0 -31.5958 0 117.022 1 
0.999076 0 -0.0429772 0 0 1 0 0 0.0429772 0 0.999076 0 -31.5919 0 117.156 1 
0.999706 0 -0.0242554 0 0 1 0 0 0.0242554 0 0.999706 0 -31.5797 0 117.278 1 
0.999618 0 -0.0276329 0 0 1 0 0 0.0276329 0 0.999618 0 -31.5777 0 117.411 1 
0.999568 0 -0.0293921 0 0 1 0 0 0.0293921 0 0.999568 0 -31.5748 0 117.54 1 
0.999536 0 -0.0304646 0 0 1 0 0 0.0304646 0 0.999536 0 -31.5714 0 117.67 1 
0.999178 0 -0.0405433 0 0 1 0 0 0.0405433 0 0.999178 0 -31.5711 0 117.802 1 
0.999204 0 -0.0398869 0 0 1 0 0 0.0398869 0 0.999204 0 -31.5658 0 117.926 1 
0.998618 0 -0.052558 0 0 1 0 0 0.052558 0 0.998618 0 -31.5654 0 118.054 1 
0.998256 0 -0.0590386 0 0 1 0 0 0.0590386 0 0.998256 0 -31.5616 0 118.174 1 
0.998431 0 -0.0559978 0 0 1 0 0 0.0559978 0 0.998431 0 -31.5537 0 118.288 1 
0.99958 0 -0.0289783 0 0 1 0 0 0.0289783 0 0.99958 0 -31.5373 0 118.392 1 
0.999796 0 -0.0201835 0 0 1 0 0 0.0201835 0 0.999796 0 -31.5306 0 118.51 1 
0.99996 0 -0.00888841 0 0 1 0 0 0.00888841 0 0.99996 0 -31.5239 0 118.633 1 
0.999728 0 -0.0233184 0 0 1 0 0 0.0233184 0 0.999728 0 -31.5278 0 118.774 1 
0.99985 0 -0.0173262 0 0 1 0 0 0.0173262 0 0.99985 0 -31.5226 0 118.905 1 
0.999793 0 -0.0203622 0 0 1 0 0 0.0203622 0 0.999793 0 -31.5215 0 119.035 1 
0.99978 0 -0.0209564 0 0 1 0 0 0.0209564 0 0.99978 0 -31.5191 0 119.162 1 
0.999943 0 -0.0106628 0 0 1 0 0 0.0106628 0 0.999943 0 -31.5126 0 119.286 1 
0.999996 0 -0.00279883 0 0 1 0 0 0.00279883 0 0.999996 0 -31.5084 0 119.411 1 
0.999998 0 0.00175554 0 0 1 0 0 -0.00175554 0 0.999998 0 -31.5063 0 119.534 1 
0.999894 0 0.0145538 0 0 1 0 0 -0.0145538 0 0.999894 0 -31.5017 0 119.654 1 
0.999993 0 0.00384026 0 0 1 0 0 -0.00384026 0 0.999993 0 -31.5076 0 119.779 1 
1 0 0.000169579 0 0 1 0 0 -0.000169579 0 1 0 -31.5094 0 119.893 1 
0.999981 0 -0.00613915 0 0 1 0 0 0.00613915 0 0.999981 0 -31.5119 0 120.014 1 
0.999686 0 -0.0250511 0 0 1 0 0 0.0250511 0 0.999686 0 -31.5181 0 120.146 1 
0.999225 0 -0.0393537 0 0 1 0 0 0.0393537 0 0.999225 0 -31.5199 0 120.282 1 
0.999076 0 -0.0429772 0 0 1 0 0 0.0429772 0 0.999076 0 -31.516 0 120.416 1 
0.999706 0 -0.0242554 0 0 1 0 0 0.0242554 0 0.999706 0 -31.5038 0 120.538 1 
0.999618 0 -0.0276329 0 0 1 0 0 0.0276329 0 0.999618 0 -31.5018 0 120.671 1 
0.999568 0 -0.0293921 0 0 1 0 0 0.0293921 0 0.999568 0 -31.4989 0 120.8 1 
0.999536 0 -0.0304646 0 0 1 0 0 0.0304646 0 0.999536 0 -31.4955 0 120.929 1 
0.999178 0 -0.0405433 0 0 1 0 0 0.0405433 0 0.999178 0 -31.4952 0 121.062 1 
0.999204 0 -0.0398869 0 0 1 0 0 0.0398869 0 0.999204 0 -31.4899 0 121.186 1 
0.998618 0 -0.052558 0 0 1 0 0 0.052558 0 0.998618 0 -31.4895 0 121.314 1 
0.998256 0 -0.0590386 0 0 1 0 0 0.0590386 0 0.998256 0 -31.4857 0 121.434 1 
0.998431 0 -0.0559978 0 0 1 0 0 0.0559978 0 0.998431 0 -31.4778 0 121.548 1 
0.99958 0 -0.0289783 0 0 1 0 0 0.0289783 0 0.99958 0 -31.4614 0 121.652 1 
0.999796 0 -0.0201835 0 0 1 0 0 0.0201835 0 0.999796 0 -31.4547 0 121.77 1 
0.99996 0 -0.00888841 0 0 1 0 0 0.00888841 0 0.99996 0 -31.448 0 121.893 1 
0.999728 0 -0.0233184 0 0 1 0 0 0.0233184 0 0.999728 0 -31.4519 0 122.034 1 
0.99985 0 -0.0173262 0 0 1 0 0 0.0173262 0 0.99985 0 -31.4467 0 122.164 1 
0.999793 0 -0.0203622 0 0 1 0 0 0.0203622 0 0.999793 0 -31.4455 0 122.295 1 
0.99978 0 -0.0209564 0 0 1 0 0 0.0209564 0 0.99978 0 -31.4432 0 122.422 1 
0.999943 0 -0.0106628 0 0 1 0 0 0.0106628 0 0.999943 0 -31.4367 0 122.546 1 
0.999996 0 -0.00279883 0 0 1 0 0 0.00279883 0 0.999996 0 -31.4325 0 122.671 1 
0.999998 0 0.00175554 0 0 1 0 0 -0.00175554 0 0.999998 0 -31.4304 0 122.794 1 
0.999894 0 0.0145538 0 0 1 0 0 -0.0145538 0 0.999894 0 -31.4258 0 122.914 1 
0.999993 0 0.00384026 0 0 1 0 0 -0.00384026 0 0.999993 0 -31.4317 0 123.039 1 
1 0 0.000169579 0 0 1 0 0 -0.000169579 0 1 0 -31.4335 0 123.153 1 
0.999981 0 -0.00613915 0 0 1 0 0 0.00613915 0 0.999981 0 -31.4359 0 123.274 1 
0.999686 0 -0.0250511 0 0 1 0 0 0.0250511 0 0.999686 0 -31.4422 0 123.406 1 
0.999225 0 -0.0393537 0 0 1 0 0 0.0393537 0 0.999225 0 -31.444 0 123.542 1 
0.999076 0 -0.0429772 0 0 1 0 0 0.0429772 0 0.999076 0 -31.4401 0 123.676 1 
0.999706 0 -0.0242554 0 0 1 0 0 0.0242554 0 0.999706 0 -31.4278 0 123.798 1 
0.999618 0 -0.0276329 0 0 1 0 0 0.0276329 0 0.999618 0 -31.4259 0 123.931 1 
0.999568 0 -0.0293921 0 0 1 0 0 0.0293921 0 0.999568 0 -31.4229 0 124.06 1 
0.999536 0 -0.0304646 0 0 1 0 0 0.0304646 0 0.999536 0 -31.4195 0 124.189 1 
0.999178 0 -0.0405433 0 0 1 0 0 0.0405433 0 0.999178 0 -31.4192 0 124.322 1 
0.999204 0 -0.0398869 0 0 1 0 0 0.0398869 0 0.999204 0 -31.414 0 124.446 1 
0.998618 0 -0.052558 0 0 1 0 0 0.052558 0 0.998618 0 -31.4136 0 124.574 1 
0.998256 0 -0.0590386 0 0 1 0 0 0.0590386 0 0.998256 0 -31.4098 0 124.693 1 
0.998431 0 -0.0559978 0 0 1 0 0 0.0559978 0 0.998431 0 -31.4019 0 124.808 1 
0.99958 0 -0.0289783 0 0 1 0 0 0.0289783 0 0.99958 0 -31.3855 0 124.912 1 
0.999796 0 -0.0201835 0 0 1 0 0 0.0201835 0 0.999796 0 -31.3788 0 125.03 1 
0.99996 0 -0.00888841 0 0 1 0 0 0.00888841 0 0.99996 0 -31.3721 0 125.153 1 
0.999728 0 -0.0233184 0 0 1 0 0 0.0233184 0 0.999728 0 -31.376 0 125.294 1 
0.99985 0 -0.0173262 0 0 1 0 0 0.0173262 0 0.99985 0 -31.3708 0 125.424 1 
0.999793 0 -0.0203622 0 0 1 0 0 0.0203622 0 0.999793 0 -31.3696 0 125.555 1 
0.99978 0 -0.0209564 0 0 1 0 0 0.0209564 0 0.99978 0 -31.3673 0 125.682 1 
0.999943 0 -0.0106628 0 0 1 0 0 0.0106628 0 0.999943 0 -31.3608 0 125.806 1 
0.999996 0 -0.00279883 0 0 1 0 0 0.00279883 0 0.999996 0 -31.3566 0 125.931 1 
0.999998 0 0.00175554 0 0 1 0 0 -0.00175554 0 0.999998 0 -31.3545 0 126.054 1 
0.999894 0 0.0145538 0 0 1 0 0 -0.0145538 0 0.999894 0 -31.3499 0 126.174 1 
0.999993 0 0.00384026 0 0 1 0 0 -0.00384026 0 0.999993 0 -31.3558 0 126.299 1 
1 0 0.000169579 0 0 1 0 0 -0.000169579 0 1 0 -31.3576 0 126.413 1 
0.999981 0 -0.00613915 0 0 1 0 0 0.00613915 0 0.999981 0 -31.36 0 126.533 1 
0.999686 0 -0.0250511 0 0 1 0 0 0.0250511 0 0.999686 0 -31.3663 0 126.666 1 
0.999225 0 -0.0393537 0 0 1 0 0 0.0393537 0 0.999225 0 -31.3681 0 126.802 1 
0.999076 0 -0.0429772 0 0 1 0 0 0.0429772 0 0.999076 0 -31.3642 0 126.936 1 
0.999706 0 -0.0242554 0 0 1 0 0 0.0242554 0 0.999706 0 -31.3519 0 127.058 1 
0.999618 0 -0.0276329 0 0 1 0 0 0.0276329 0 0.999618 0 -31.35 0 127.191 1 
0.999568 0 -0.0293921 0 0 1 0 0 0.0293921 0 0.999568 0 -31.347 0 127.32 1 
0.999536 0 -0.0304646 0 0 1 0 0 0.0304646 0 0.999536 0 -31.3436 0 127.449 1 
0.999178 0 -0.0405457 0 0 1 0 0 0.0405457 0 0.999178 0 -31.3433 0 127.582 1 
0.999204 0 -0.0398869 0 0 1 0 0 0.0398869 0 0.999204 0 -31.338 0 127.706 1 
0.998618 0 -0.0525547 0 0 1 0 0 0.0525547 0 0.998618 0 -31.3377 0 127.834 1 
0.998255 0 -0.0590424 0 0 1 0 0 0.0590424 0 0.998255 0 -31.3339 0 127.953 1 
0.998431 0 -0.0559942 0 0 1 0 0 0.0559942 0 0.998431 0 -31.326 0 128.068 1 
0.99958 0 -0.0289783 0 0 1 0 0 0.0289783 0 0.99958 0 -31.3096 0 128.172 1 
0.999796 0 -0.0201847 0 0 1 0 0 0.0201847 0 0.999796 0 -31.3029 0 128.29 1 
0.99996 0 -0.00888788 0 0 1 0 0 0.00888788 0 0.99996 0 -31.2961 0 128.413 1 
0.999728 0 -0.0233198 0 0 1 0 0 0.0233198 0 0.999728 0 -31.3001 0 128.554 1 
0.99985 0 -0.0173272 0 0 1 0 0 0.0173272 0 0.99985 0 -31.2949 0 128.684 1 
0.999793 0 -0.0203622 0 0 1 0 0 0.0203622 0 0.999793 0 -31.2937 0 128.815 1 
0.99978 0 -0.0209564 0 0 1 0 0 0.0209564 0 0.99978 0 -31.2914 0 128.942 1 
0.999943 0 -0.0106628 0 0 1 0 0 0.0106628 0 0.999943 0 -31.2849 0 129.066 1 
0.999996 0 -0.00279883 0 0 1 0 0 0.00279883 0 0.999996 0 -31.2807 0 129.191 1 
0.999998 0 0.00175554 0 0 1 0 0 -0.00175554 0 0.999998 0 -31.2786 0 129.314 1 
0.999894 0 0.0145529 0 0 1 0 0 -0.0145529 0 0.999894 0 -31.274 0 129.434 1 
0.999993 0 0.00383979 0 0 1 0 0 -0.00383979 0 0.999993 0 -31.2799 0 129.559 1 
1 0 0.000169579 0 0 1 0 0 -0.000169579 0 1 0 -31.2817 0 129.673 1 
0.999981 0 -0.00613915 0 0 1 0 0 0.00613915 0 0.999981 0 -31.2841 0 129.793 1 
0.999686 0 -0.0250511 0 0 1 0 0 0.0250511 0 0.999686 0 -31.2904 0 129.926 1 
0.999225 0 -0.0393537 0 0 1 0 0 0.0393537 0 0.999225 0 -31.2922 0 130.062 1 
0.999076 0 -0.0429748 0 0 1 0 0 0.0429748 0 0.999076 0 -31.2883 0 130.196 1 
0.999706 0 -0.0242554 0 0 1 0 0 0.0242554 0 0.999706 0 -31.276 0 130.318 1 
0.999618 0 -0.0276313 0 0 1 0 0 0.0276313 0 0.999618 0 -31.2741 0 130.451 1 
0.999568 0 -0.0293903 0 0 1 0 0 0.0293903 0 0.999568 0 -31.2711 0 130.58 1 
0.999536 0 -0.0304646 0 0 1 0 0 0.0304646 0 0.999536 0 -31.2677 0 130.709 1 
0.999178 0 -0.0405433 0 0 1 0 0 0.0405433 0 0.999178 0 -31.2674 0 130.842 1 
0.999204 0 -0.0398869 0 0 1 0 0 0.0398869 0 0.999204 0 -31.2621 0 130.966 1 
0.998618 0 -0.0525547 0 0 1 0 0 0.0525547 0 0.998618 0 -31.2618 0 131.094 1 
0.998255 0 -0.0590424 0 0 1 0 0 0.0590424 0 0.998255 0 -31.258 0 131.213 1 
0.998431 0 -0.0559942 0 0 1 0 0 0.0559942 0 0.998431 0 -31.2501 0 131.328 1 
0.99958 0 -0.0289783 0 0 1 0 0 0.0289783 0 0.99958 0 -31.2337 0 131.432 1 
0.999796 0 -0.0201847 0 0 1 0 0 0.0201847 0 0.999796 0 -31.2269 0 131.55 1 
0.99996 0 -0.00888788 0 0 1 0 0 0.00888788 0 0.99996 0 -31.2202 0 131.673 1 
0.999728 0 -0.0233198 0 0 1 0 0 0.0233198 0 0.999728 0 -31.2242 0 131.814 1 
0.99985 0 -0.0173272 0 0 1 0 0 0.0173272 0 0.99985 0 -31.219 0 131.944 1 
0.999793 0 -0.0203622 0 0 1 0 0 0.0203622 0 0.999793 0 -31.2178 0 132.075 1 
0.99978 0 -0.0209564 0 0 1 0 0 0.0209564 0 0.99978 0 -31.2155 0 132.202 1 
0.999943 0 -0.0106628 0 0 1 0 0 0.0106628 0 0.999943 0 -31.209 0 132.326 1 
0.999996 0 -0.00279883 0 0 1 0 0 0.00279883 0 0.999996 0 -31.2048 0 132.451 1 
0.999998 0 0.00175554 0 0 1 0 0 -0.00175554 0 0.999998 0 -31.2027 0 132.574 1 
0.999894 0 0.0145529 0 0 1 0 0 -0.0145529 0 0.999894 0 -31.1981 0 132.694 1 
0.999993 0 0.00383979 0 0 1 0 0 -0.00383979 0 0.999993 0 -31.2039 0 132.819 1 
1 0 0.000169579 0 0 1 0 0 -0.000169579 0 1 0 -31.2058 0 132.933 1 
0.999981 0 -0.00613915 0 0 1 0 0 0.00613915 0 0.999981 0 -31.2082 0 133.053 1 
0.999686 0 -0.0250511 0 0 1 0 0 0.0250511 0 0.999686 0 -31.2145 0 133.186 1 
0.999225 0 -0.0393537 0 0 1 0 0 0.0393537 0 0.999225 0 -31.2163 0 133.322 1 
0.999076 0 -0.0429748 0 0 1 0 0 0.0429748 0 0.999076 0 -31.2124 0 133.456 1 
0.999706 0 -0.0242554 0 0 1 0 0 0.0242554 0 0.999706 0 -31.2001 0 133.578 1 
0.999618 0 -0.0276313 0 0 1 0 0 0.0276313 0 0.999618 0 -31.1982 0 133.711 1 
0.999568 0 -0.0293903 0 0 1 0 0 0.0293903 0 0.999568 0 -31.1952 0 133.84 1 
